"[9, 9, 0, 0]",-2.127060228462545,-2.9280034667643644
"[9, 9, 0, 1]",-2.138779820287365,-3.0280635607028783
"[9, 9, 0, 2]",-2.3727299487069864,-3.1217641753076646
"[9, 9, 0, 3]",-3.1679101750759697,-3.166070805441775
"[9, 9, 1, 0]",-2.728746655341978,-3.342417413644432
"[9, 9, 1, 1]",-2.3752340259388913,-3.3933270346545967
"[9, 9, 1, 2]",-1.853103906556355,-3.3421376470721342
"[9, 9, 1, 3]",-2.764636296708962,-3.1241432810116994
"[9, 8, 1, 0]",-0.6436296326639702,-2.185339013449222
"[9, 7, 1, 1]",0.0,-2.318876340299293
"[9, 6, 1, 2]",0.0,-2.3685272649620623
"[9, 5, 1, 3]",-3.400943812207058,-2.9750182805599383
"[9, 4, 1, 3]",-3.7584535825895795,-2.9884809230615192
"[9, 3, 1, 3]",-3.9696725986173984,-2.979023954018588
"[9, 2, 1, 3]",-3.599121476472573,-2.9571974674542383
"[9, 1, 1, 3]",-3.6217729343484057,-2.9675394923211296
"[9, 0, 1, 3]",-3.1579511814554557,-3.213233522527826
"[9, 8, 0, 1]",-0.7174019766308211,-2.091809895105896
"[8, 7, 0, 2]",0.0,-0.3328935899013988
"[7, 6, 0, 3]",-0.054025153437921615,-0.2503623970438928
"[6, 5, 0, 3]",-0.20810703587817692,-0.646346521022721
"[5, 4, 0, 3]",-0.5236531920878815,-0.897637873400185
"[4, 3, 0, 3]",-1.5386824760829534,-1.9228787926954929
"[3, 2, 0, 3]",-2.8640478350505028,-2.9014813926697736
"[2, 1, 0, 3]",-3.920873479644295,-3.7549560962390696
"[1, 0, 0, 3]",-4.3154580312590465,-3.7646296257981184
"[0, 3, 0, 3]",-3.678717690756143,-2.109027852284837
"[0, 2, 1, 0]",0.0,-5.392427196307646
"[0, 1, 1, 1]",0.0,-5.4436975129080185
"[0, 0, 1, 2]",0.0,-5.025369502946632
"[0, 0, 1, 3]",-3.7897747854523276,-4.5096840985503555
"[8, 9, 0, 3]",-2.5606487369760873,-2.611827567852812
"[7, 9, 0, 3]",-3.1199974232752172,-2.6813448287589665
"[6, 9, 0, 3]",-2.6057276017189457,-3.128522619103448
"[5, 9, 0, 3]",-3.048304664600737,-3.360005244044335
"[4, 9, 0, 3]",-4.138573290336151,-3.5736665446631557
"[3, 9, 0, 3]",-4.080847518977784,-3.4073070744292933
"[2, 9, 0, 3]",-4.914986594575464,-3.317115100165544
"[1, 9, 1, 0]",0.0,-5.017767875308243
"[0, 9, 1, 1]",-0.3828965548775602,-5.505098707947579
"[0, 9, 1, 2]",0.0,-4.977328485211909
"[0, 9, 1, 3]",-3.6489457953333666,-4.385384482007792
"[8, 9, 0, 0]",-1.008858312055241,-3.151838218926201
"[7, 9, 0, 1]",-0.2283133952558937,-3.270748665917425
"[6, 9, 0, 2]",0.0,-3.352528376018481
"[3, 9, 1, 0]",0.0,-4.289247401600003
"[2, 8, 1, 1]",0.0,-1.1262338007330028
"[1, 7, 1, 2]",0.0,-2.326952885293744
"[0, 6, 1, 3]",-3.6480664051338434,-4.432207996614737
"[0, 5, 1, 3]",-4.332778569016167,-4.553826049678542
"[0, 4, 1, 3]",-4.283677404470028,-4.853667767541803
"[0, 3, 1, 3]",-4.025262586132333,-4.892153602113591
"[0, 2, 1, 3]",-4.430358700854769,-4.858748253646817
"[0, 1, 1, 3]",-4.317750876754634,-4.515516062362347
"[9, 4, 0, 0]",0.0,-4.03498667028124
"[9, 3, 0, 1]",0.0,-3.9757072417538453
"[9, 2, 0, 2]",0.0,-4.032573216443902
"[9, 1, 0, 3]",-3.275354751816528,-3.8503273023236795
"[9, 0, 0, 3]",-3.8664442237429006,-3.617592719252095
"[9, 0, 1, 0]",0.0,-3.2989246436753676
"[9, 0, 1, 1]",-0.16675954625875464,-3.3552791426990107
"[9, 0, 1, 2]",-0.27875670793528473,-3.379745365112735
"[8, 9, 1, 1]",-0.7734904333622461,-2.4518849984275386
"[7, 9, 1, 2]",0.0,-2.38906069156923
"[6, 9, 1, 3]",-2.4807126467501632,-2.4195956001208456
"[5, 9, 1, 3]",-2.301842456614009,-2.5903149704253075
"[4, 9, 1, 3]",-2.73246394753898,-2.3126612434390292
"[3, 9, 1, 3]",-2.4598507714733358,-2.770441389501744
"[2, 9, 1, 3]",-3.3597795109283193,-2.6532114513161513
"[1, 9, 1, 3]",-2.421953033406983,-3.7258112917496216
"[1, 9, 0, 0]",-0.5966682685723413,-3.6310394929338092
"[0, 9, 0, 1]",-0.5689227652771223,-3.4453033354454847
"[9, 8, 0, 3]",-2.20659709383402,-1.9231118011767918
"[9, 7, 0, 3]",-1.9842125286986032,-2.040852188420301
"[9, 6, 0, 3]",-2.1733421821962797,-2.1777247611305723
"[9, 5, 0, 3]",-2.2826841133647204,-2.235639170369452
"[9, 4, 0, 3]",-2.227372150541402,-2.3193925557775747
"[9, 3, 0, 3]",-2.4249045183214317,-2.4817988733260963
"[9, 2, 0, 3]",-2.346810615054604,-3.347029438199521
"[9, 7, 0, 2]",-0.2016187714663288,-2.0795729496679343
"[9, 2, 1, 0]",-0.370799573929403,-2.688530637520893
"[9, 1, 1, 1]",0.0,-2.9819082622550677
"[9, 4, 1, 0]",0.0,-2.497951733816726
"[8, 3, 1, 1]",0.0,-1.4278894948446754
"[7, 2, 1, 2]",0.0,-1.7358668883664268
"[6, 1, 1, 3]",-1.9876347111679065,-1.978257121298598
"[5, 0, 1, 3]",-2.6144939723048717,-2.2621293330001544
"[4, 0, 1, 3]",-2.8441130791687903,-2.635914781220709
"[3, 0, 1, 3]",-2.622789387296902,-2.8768942454041206
"[2, 0, 1, 3]",-3.378341319296758,-2.920817484911666
"[1, 0, 1, 3]",-2.669325718191998,-3.749629102221766
"[5, 9, 1, 0]",-0.20948014457653344,-2.617838589743741
"[4, 9, 1, 1]",0.0,-2.638960993401751
"[3, 9, 1, 2]",0.0,-2.7423562858620563
"[0, 9, 0, 0]",-1.6604095282246032,-2.6991566650287364
"[8, 9, 1, 3]",-2.9341692286322925,-2.3416716302152683
"[7, 9, 1, 3]",-2.511405216822846,-2.4409469227420626
"[5, 9, 0, 0]",0.0,-2.8475477577948465
"[4, 9, 0, 1]",0.0,-3.2612319439633355
"[3, 9, 0, 2]",0.0,-3.330849582340298
"[1, 9, 0, 3]",-5.468831101998666,-3.2351888525631494
"[0, 9, 0, 3]",-6.159089104708167,-3.2136340965262282
"[0, 9, 1, 0]",0.0,-5.872505173438052
"[0, 8, 1, 3]",-2.9861354523690355,-3.6468406309763735
"[0, 7, 1, 3]",-2.9432125552815895,-3.9729871199685305
"[9, 5, 0, 0]",0.0,-3.5102442762780584
"[9, 4, 0, 1]",0.0,-3.433933074977767
"[9, 3, 0, 2]",0.0,-3.3588947520848853
"[9, 7, 1, 0]",-0.5736072847966767,-2.5668798709738896
"[8, 6, 1, 1]",0.0,-0.0414303519639842
"[7, 5, 1, 2]",0.0,-0.1768488884366792
"[6, 4, 1, 3]",-0.5599005840471685,-0.5286189182950423
"[5, 3, 1, 3]",-0.9104581312611632,-1.1574150870888222
"[4, 2, 1, 3]",-1.8783878637077889,-2.2681095091898626
"[3, 1, 1, 3]",-2.604471505519001,-2.513400385154049
"[9, 8, 1, 3]",-2.318084567817265,-2.8534717668402654
"[9, 7, 1, 3]",-2.7772717232070647,-2.909323267355244
"[9, 6, 0, 0]",0.0,-2.926276810327233
"[9, 5, 0, 1]",0.0,-2.79683737238014
"[9, 4, 0, 2]",0.0,-2.65846162284501
"[9, 1, 1, 0]",0.0,-2.626517730608097
"[9, 6, 1, 1]",0.0,-2.9063820909094065
"[9, 5, 1, 2]",-0.3268538824429417,-2.8292632011683185
"[9, 1, 0, 0]",0.0,-3.8280485348263915
"[9, 0, 0, 1]",-0.3869388821270385,-3.703702259897541
"[6, 9, 0, 0]",0.0,-2.7610019129118935
"[5, 9, 0, 1]",0.0,-3.16806651621284
"[4, 9, 0, 2]",0.0,-3.3432450895537325
"[9, 8, 1, 1]",-0.9624428705969076,-2.8279931810964793
"[9, 7, 1, 2]",0.0,-2.9057473564319394
"[9, 6, 1, 3]",-3.023508075710137,-2.963729814602221
"[2, 9, 1, 0]",-0.44741396067988143,-4.626894428126409
"[1, 9, 1, 1]",0.0,-4.7961630224727845
"[8, 7, 0, 0]",0.0,-0.23655866095863626
"[7, 6, 0, 1]",0.0,-0.3004876359854814
"[6, 5, 0, 2]",0.0,-0.4380893432159728
"[2, 1, 1, 0]",0.0,-4.2651357133478776
"[1, 0, 1, 1]",0.0,-4.986353149941664
"[8, 9, 0, 2]",-0.5327772385744961,-2.6936649339593433
"[4, 9, 1, 0]",0.0,-3.0311516449586455
"[3, 9, 1, 1]",0.0,-3.385242482760727
"[2, 9, 1, 2]",-0.3351582749369717,-3.5170164882763433
"[9, 7, 0, 0]",-0.2934966664553933,-2.3374554186218393
"[9, 6, 0, 1]",0.0,-2.419708140345009
"[9, 5, 0, 2]",0.0,-2.4450864706969337
"[9, 3, 0, 0]",0.0,-4.071689610040621
"[9, 2, 0, 1]",0.0,-3.9507561673683504
"[9, 1, 0, 2]",0.0,-3.691596305384081
"[8, 9, 1, 2]",-1.1375696832312998,-2.245065531164563
"[4, 9, 0, 0]",0.0,-2.4210402897484196
"[3, 9, 0, 1]",0.0,-2.748760942644773
"[2, 9, 0, 2]",-0.926020303766044,-3.0538576075268735
"[9, 3, 1, 0]",0.0,-2.5137448505861757
"[9, 2, 1, 1]",-0.7341866610142195,-2.8002316621694225
"[9, 1, 1, 2]",0.0,-3.0178638795663355
"[2, 9, 1, 1]",-0.30334437799432923,-4.201387723986796
"[1, 9, 1, 2]",0.0,-4.454215076205446
"[2, 9, 0, 0]",-0.5327477886854397,-2.623067770466949
"[1, 9, 0, 1]",0.0,-2.834045139824216
"[0, 9, 0, 2]",-1.9692327607192124,-2.9067136920139833
"[6, 8, 0, 3]",-0.3944218480119013,-0.3427579380170252
"[5, 7, 0, 3]",-0.3853420800487438,-0.3910037906217241
"[4, 6, 0, 3]",-0.636709373302481,-0.5693261243183504
"[3, 5, 0, 3]",-1.2140078950298507,-1.2946617592290421
"[2, 4, 0, 3]",-1.975027927100497,-2.504385619620913
"[1, 3, 0, 3]",-3.2005675625926173,-2.676664065313964
"[0, 2, 0, 3]",-4.009505004448793,-2.9271866299116898
"[0, 1, 1, 0]",0.0,-5.5798275396270185
"[0, 0, 1, 1]",-0.3985236502366161,-5.4900662632921335
"[8, 4, 0, 2]",0.0,-1.8109952462828733
"[7, 3, 0, 3]",-1.9572506129537044,-2.1523685586693904
"[6, 2, 0, 3]",-2.297845587768995,-2.444651980609056
"[5, 1, 0, 3]",-3.1082678321330333,-3.272874249555948
"[4, 0, 0, 3]",-3.9578375326727313,-3.893205274473459
"[8, 9, 0, 1]",-0.8620081339937691,-2.947782783293643
"[7, 9, 0, 2]",0.0,-2.841096925747141
"[9, 6, 1, 0]",0.0,-2.1290900973468134
"[9, 5, 1, 1]",0.0,-2.1934878347442375
"[9, 4, 1, 2]",0.0,-2.3534818024860953
"[9, 8, 0, 2]",-0.8409233454235541,-1.7884188785913373
"[9, 3, 1, 1]",0.0,-2.7507427850654054
"[9, 2, 1, 2]",-1.3315873833399514,-2.9101737680267656
"[8, 0, 1, 3]",-3.11185533873312,-2.214225914652464
"[7, 0, 1, 3]",-2.6503031611717525,-2.2177928403545204
"[6, 0, 1, 3]",-2.474874384856713,-2.106951822103551
"[7, 9, 0, 0]",0.0,-3.4927472093398957
"[6, 9, 0, 1]",0.0,-3.9917283941313633
"[5, 9, 0, 2]",-0.35538554569100844,-3.9203471938052106
"[8, 9, 1, 0]",-0.6217672655881425,-2.877255023067965
"[7, 9, 1, 1]",-0.25542862852575704,-2.7829172902886805
"[6, 9, 1, 2]",0.0,-2.664672905864403
"[9, 5, 1, 0]",0.0,-2.2870852329103952
"[9, 4, 1, 1]",0.0,-2.3707344221722506
"[9, 3, 1, 2]",0.0,-2.5528053327413724
"[8, 1, 1, 3]",-2.23978906932064,-1.978235731228855
"[3, 9, 0, 0]",0.0,-3.1786603908701014
"[2, 9, 0, 1]",-0.4583859898821932,-3.2943851043528527
"[1, 9, 0, 2]",0.0,-3.346151928108817
"[9, 8, 1, 2]",-0.8566067976153919,-2.677038292690806
"[8, 2, 0, 3]",-2.0481207487106428,-2.7924784888940613
"[7, 1, 0, 3]",-2.941683249440875,-3.3541629039553698
"[6, 0, 0, 3]",-3.5305601416948407,-3.5482508116445626
"[8, 3, 1, 2]",0.0,-0.5722905571347093
"[7, 2, 1, 3]",-1.4655442979655584,-1.387988101431645
"[7, 8, 1, 1]",0.0,-0.29793777036951596
"[6, 7, 1, 2]",0.0,-0.2974646144504076
"[5, 6, 1, 3]",-0.16278349209454904,-0.22021319437348294
"[4, 5, 1, 3]",-0.11231611568407272,-0.3068249123765795
"[3, 4, 1, 3]",-0.6700648811185044,-0.6116407245143141
"[2, 3, 1, 3]",-1.4049911305127445,-1.3887859717090458
"[1, 2, 1, 3]",-2.197714419105422,-3.1514582575995247
"[9, 0, 0, 0]",-0.8135540908434445,-3.8415091354582893
"[8, 2, 0, 1]",0.0,-2.04748509489051
"[7, 1, 0, 2]",0.0,-2.925307940679774
"[4, 0, 1, 0]",0.0,-3.836770503223375
"[3, 0, 1, 1]",0.0,-3.738563351689791
"[2, 0, 1, 2]",0.0,-3.7410098455311696
"[7, 1, 1, 0]",0.0,-2.140462411178752
"[6, 0, 1, 1]",0.0,-2.555994852034261
"[5, 0, 1, 2]",0.0,-2.585447959986203
"[6, 9, 1, 0]",0.0,-3.076158360700905
"[5, 9, 1, 1]",-0.27944144370057594,-3.066949411153416
"[4, 9, 1, 2]",0.0,-3.0665110386098813
"[9, 8, 0, 0]",-0.8865590066313384,-2.56102366719111
"[9, 7, 0, 1]",-0.18034741906538224,-2.4379184165044148
"[9, 6, 0, 2]",0.0,-2.33651575677562
"[3, 2, 1, 0]",0.0,-2.64987017613237
"[2, 1, 1, 1]",0.0,-3.7833114052671144
"[1, 0, 1, 2]",0.0,-4.514354003751159
"[7, 8, 0, 3]",-0.007494558586972335,-0.19867025594492047
"[6, 7, 0, 3]",-0.009119089592060332,-0.15790710679878014
"[5, 6, 0, 3]",-0.04215180218752088,-0.18874360805916712
"[4, 5, 0, 3]",-0.20605035398723645,-0.3644583208878237
"[3, 4, 0, 3]",-0.4426424574091632,-1.365159375805566
"[2, 3, 0, 3]",-2.2011964688795045,-2.2788281294480393
"[1, 2, 0, 3]",-3.1335651330619303,-3.085787369732954
"[8, 0, 1, 1]",0.0,-1.8103821237491147
"[7, 0, 1, 2]",0.0,-1.9956230461200015
"[8, 2, 0, 2]",0.0,-2.5289614036141486
"[5, 0, 1, 0]",0.0,-3.320520426578564
"[4, 0, 1, 1]",0.0,-2.9664285803355126
"[3, 0, 1, 2]",0.0,-2.867532393128947
"[5, 8, 1, 3]",-0.9104547959002972,-0.9056461623092235
"[4, 7, 1, 3]",-0.9334914701137207,-1.4879819916434425
"[3, 6, 1, 3]",-1.757105522112185,-1.723366747661055
"[2, 5, 1, 3]",-2.2230592185104516,-2.2149388223969186
"[1, 4, 1, 3]",-2.7916409847007415,-3.532258727354227
"[9, 2, 0, 0]",0.0,-3.9900252118524193
"[9, 1, 0, 1]",0.0,-3.655156583081379
"[9, 0, 0, 2]",0.0,-3.5340172223356427
"[5, 4, 1, 0]",0.0,-0.2944537206887575
"[4, 3, 1, 1]",0.0,-0.617924398188992
"[3, 2, 1, 2]",0.0,-1.4193573746200123
"[2, 1, 1, 3]",-2.5488085680024613,-2.4568105297496405
"[7, 9, 1, 0]",0.0,-2.592937316475822
"[6, 9, 1, 1]",0.0,-2.608972558908823
"[5, 9, 1, 2]",0.0,-2.5239647052945564
"[2, 8, 0, 0]",0.0,-1.6728843833056468
"[1, 7, 0, 1]",0.0,-1.8254915538477225
"[0, 6, 0, 2]",0.0,-1.99790134274942
"[0, 0, 1, 0]",0.0,-5.802339447248517
"[0, 8, 1, 1]",0.0,-3.521530834745235
"[0, 7, 1, 2]",0.0,-4.047418522261842
"[2, 8, 1, 3]",-2.037170085599936,-2.34290031746874
"[1, 7, 1, 3]",-2.2240977749639117,-3.5812951501562766
"[8, 5, 0, 3]",-1.146740226925406,-1.1889098500326698
"[7, 4, 0, 3]",-1.3753539144465838,-1.4326456670224337
"[6, 3, 0, 3]",-1.6713480075545466,-2.1056657980412155
"[5, 2, 0, 3]",-2.5168400232954204,-2.7153248339868488
"[4, 1, 0, 3]",-3.5705724414883964,-3.5265427391215045
"[3, 0, 0, 3]",-4.0335414909867,-3.9796689481275913
"[4, 8, 0, 0]",0.0,-1.429070315773229
"[3, 7, 0, 1]",0.0,-1.6760612007319913
"[2, 6, 0, 2]",0.0,-1.8840361430444221
"[1, 5, 0, 3]",-2.7944226585626666,-2.1124513561319365
"[0, 4, 0, 3]",-3.3797376118642313,-2.227271922193804
"[8, 0, 1, 2]",0.0,-2.1361202395286987
"[5, 7, 0, 0]",0.0,-1.3524700660262998
"[4, 6, 0, 1]",0.0,-1.8261042874163695
"[3, 5, 0, 2]",0.0,-2.2501713857767025
"[8, 2, 0, 0]",0.0,-0.7003742141153343
"[7, 1, 0, 1]",0.0,-1.1098664360177644
"[6, 0, 0, 2]",0.0,-2.1907101561165963
"[6, 8, 0, 1]",0.0,-0.08209874586330673
"[5, 7, 0, 2]",0.0,-0.2222288492917406
"[1, 3, 1, 0]",0.0,-3.654132873618073
"[0, 2, 1, 1]",-0.2629745066723488,-5.32233754448633
"[0, 1, 1, 2]",0.0,-4.982768523518425
"[0, 8, 0, 3]",-2.9810470350821414,-1.7422049199314267
"[8, 4, 1, 3]",-0.9805875902338328,-0.9302619149196634
"[7, 3, 1, 3]",-1.2853493376368104,-1.3246957680237468
"[6, 2, 1, 3]",-1.7450812089785934,-1.729229398955849
"[5, 1, 1, 3]",-2.2976103138796296,-2.188811655914998
"[5, 1, 1, 0]",0.0,-2.7147189046230027
"[2, 8, 1, 2]",-0.12062261364723666,-2.9480622802321395
"[8, 5, 0, 0]",0.0,-0.3745056952937869
"[7, 4, 0, 1]",0.0,-0.5887355959691902
"[6, 3, 0, 2]",0.0,-1.2217417193976683
"[2, 0, 1, 0]",0.0,-4.973352199523417
"[8, 2, 1, 2]",-0.29925096582362115,-1.77199816467661
"[7, 1, 1, 3]",-2.8139465362901617,-2.0077001498312432
"[8, 1, 0, 3]",-2.574952730347216,-2.5277900797336863
"[7, 0, 0, 3]",-2.584129141835315,-2.580931928026938
"[6, 1, 0, 3]",-2.3993093166820607,-2.290685101184674
"[5, 0, 0, 3]",-2.9274075259362515,-2.6252467114607434
"[3, 0, 1, 0]",0.0,-4.6370408979741855
"[2, 0, 1, 1]",0.0,-4.661119425784484
"[5, 8, 0, 3]",-0.09298315449189853,-0.5056993116241448
"[4, 7, 0, 3]",-0.7231692849881406,-0.706834700487873
"[3, 6, 0, 3]",-0.9196132682401036,-1.0436836997850334
"[2, 5, 0, 3]",-1.9191840163658005,-1.8393878695606716
"[1, 4, 0, 3]",-2.4910399652445614,-1.955791430585272
"[2, 8, 0, 1]",0.0,-1.513333159367167
"[1, 7, 0, 2]",0.0,-1.6135231612669934
"[0, 6, 0, 3]",-4.667045295414302,-1.787835402509408
"[8, 6, 0, 0]",0.0,-0.6703256963417171
"[7, 5, 0, 1]",0.0,-0.9977384425245296
"[6, 4, 0, 2]",0.0,-1.434140851039075
"[5, 3, 0, 3]",-1.7608443841020465,-1.9835265737350007
"[4, 2, 0, 3]",-2.538516048148626,-2.7298437820076247
"[3, 1, 0, 3]",-3.410054593618849,-3.3809195748063043
"[2, 0, 0, 3]",-4.048374291139117,-3.388072897194757
"[6, 7, 1, 0]",0.0,-0.0234098584635908
"[5, 6, 1, 1]",0.0,-0.06724267745161723
"[4, 5, 1, 2]",0.0,-0.18418781396217385
"[1, 2, 0, 0]",0.0,-3.0501042937016893
"[0, 1, 0, 1]",0.0,-3.6571374940468697
"[2, 8, 1, 0]",0.0,-0.7476816734536533
"[1, 7, 1, 1]",0.0,-2.0230673014956144
"[0, 6, 1, 2]",0.0,-4.317177789500515
"[8, 1, 1, 1]",0.0,-1.7290680649103625
"[5, 7, 1, 0]",0.0,-0.7117964518313654
"[4, 6, 1, 1]",0.0,-1.2107336217612874
"[3, 5, 1, 2]",0.0,-1.8593014856763423
"[2, 4, 1, 3]",-2.4539267756728025,-2.580844752626646
"[1, 3, 1, 3]",-3.093624653383467,-3.656560905146778
"[8, 2, 1, 3]",-2.4539253780095898,-1.8386451117886666
"[8, 3, 0, 3]",-1.044966020638501,-1.3749105569929352
"[7, 2, 0, 3]",-1.6459446666501105,-1.6428144548236587
"[8, 6, 1, 0]",0.0,-0.14330953403033736
"[7, 5, 1, 1]",0.0,-0.2646234115120146
"[6, 4, 1, 2]",0.0,-0.5780482758706456
"[6, 8, 1, 2]",0.0,-1.0097521196077928
"[5, 7, 1, 3]",-1.0350898856673794,-1.018158907961078
"[4, 6, 1, 3]",-1.2079550738317013,-1.7883972133148616
"[3, 5, 1, 3]",-2.002822218858042,-1.974123382461207
"[8, 7, 1, 0]",0.0,-0.00747040221605172
"[7, 6, 1, 1]",0.0,-0.022764459276074882
"[6, 5, 1, 2]",0.0,-0.05576181332823226
"[5, 4, 1, 3]",-0.21532750140896928,-0.20115924638430127
"[4, 3, 1, 3]",-0.5085786325101265,-1.269617783118555
"[3, 2, 1, 3]",-1.9192345022879953,-1.9098656551244917
"[1, 0, 0, 0]",0.0,-3.7643531713789495
"[4, 6, 1, 0]",0.0,-0.7710862577056055
"[3, 5, 1, 1]",0.0,-1.5068919819215465
"[2, 4, 1, 2]",0.0,-2.550821174504339
"[6, 0, 1, 0]",0.0,-2.912608546481248
"[5, 0, 1, 1]",0.0,-2.871592567677198
"[4, 0, 1, 2]",0.0,-2.8504223176662693
"[8, 1, 1, 0]",0.0,-2.453397021313283
"[7, 0, 1, 1]",0.0,-2.384321670332326
"[6, 0, 1, 2]",0.0,-2.3435839625159858
"[1, 8, 0, 1]",0.0,-1.5461893817423302
"[0, 7, 0, 2]",-0.5334004579920241,-1.6944450374119027
"[8, 5, 1, 1]",0.0,-0.1167526181834858
"[7, 4, 1, 2]",0.0,-0.33647023604086634
"[6, 3, 1, 3]",-0.8912392515054685,-0.8370475727105142
"[5, 2, 1, 3]",-1.436824571085512,-1.4261397270576923
"[4, 1, 1, 3]",-2.148961806122801,-2.1725589642864644
"[4, 8, 1, 2]",0.0,-1.233154789155397
"[3, 7, 1, 3]",-1.4840844008056426,-1.6644707352414687
"[2, 6, 1, 3]",-2.0061269358118574,-2.9200383205128646
"[1, 5, 1, 3]",-2.882223542928506,-3.0411234003595724
"[1, 3, 0, 0]",0.0,-3.0360496041385137
"[0, 2, 0, 1]",-0.44350082031416616,-3.381436526528633
"[8, 1, 0, 0]",0.0,-0.7852640068175951
"[7, 0, 0, 1]",0.0,-1.5564401958802696
"[1, 8, 0, 3]",-1.8740211841346424,-1.7145890194626674
"[0, 7, 0, 3]",-2.5715812430529708,-1.758128961105962
"[6, 0, 0, 0]",0.0,-3.6080425480776603
"[8, 1, 0, 2]",0.0,-1.2243962237872554
"[8, 3, 0, 1]",0.0,-0.6361191325643973
"[7, 2, 0, 2]",0.0,-0.9215640425577436
"[8, 3, 0, 0]",0.0,-0.09897504166996154
"[7, 2, 0, 1]",0.0,-0.1196446204542311
"[6, 1, 0, 2]",0.0,-0.9166197854595944
"[7, 1, 0, 0]",0.0,-3.52899886730962
"[6, 0, 0, 1]",0.0,-3.8765278029420562
"[8, 2, 1, 1]",0.0,-1.743616765491882
"[7, 1, 1, 2]",0.0,-1.9592555341048725
"[2, 8, 0, 3]",-2.234659500190441,-1.6094513140690392
"[1, 7, 0, 3]",-2.9527841743052483,-1.619909899084509
"[8, 0, 1, 0]",0.0,-2.5185132266008967
"[8, 4, 1, 0]",0.0,-1.6489996471928012
"[7, 3, 1, 1]",0.0,-1.8243273130238942
"[6, 2, 1, 2]",0.0,-2.0105934646221084
"[5, 8, 1, 1]",0.0,-0.5368129309920601
"[4, 7, 1, 2]",0.0,-0.7860195810384792
"[1, 4, 0, 0]",0.0,-3.2941744078514468
"[0, 3, 0, 1]",0.0,-3.6369375869224703
"[6, 8, 0, 2]",0.0,-0.3121834737727975
"[3, 5, 1, 0]",0.0,-1.5376150553248724
"[2, 4, 1, 1]",0.0,-2.7734437614772203
"[1, 3, 1, 2]",0.0,-4.0519526843227185
"[7, 8, 0, 1]",0.0,-0.11414185963027355
"[6, 7, 0, 2]",0.0,-0.14446266456988893
"[3, 4, 1, 0]",0.0,-0.5597475993272067
"[2, 3, 1, 1]",0.0,-1.4919999638570338
"[1, 2, 1, 2]",0.0,-3.0656574665804888
"[4, 0, 0, 0]",0.0,-3.351729582377208
"[3, 5, 0, 1]",0.0,-2.374320870685109
"[2, 4, 0, 2]",0.0,-2.678383651235067
"[0, 8, 0, 1]",0.0,-1.8558026835245711
"[1, 8, 1, 3]",-1.9153370944049084,-2.383164296787384
"[8, 3, 0, 2]",0.0,-0.6020008683924869
"[7, 8, 1, 2]",0.0,-0.4300121722349346
"[6, 7, 1, 3]",-0.2997338964647729,-0.3884046815551192
"[4, 5, 0, 0]",0.0,-0.4020667902135256
"[3, 4, 0, 1]",0.0,-0.845700550951289
"[2, 3, 0, 2]",0.0,-1.8043375733441984
"[0, 1, 0, 3]",-3.945066285543753,-3.4691366874728717
"[4, 1, 0, 0]",0.0,-2.512312358898822
"[3, 0, 0, 1]",0.0,-3.2605115018300665
"[2, 1, 0, 2]",0.0,-2.910784475536862
"[2, 0, 0, 0]",0.0,-3.1571387735661114
"[1, 6, 0, 1]",0.0,-1.9568970145052331
"[0, 5, 0, 2]",0.0,-2.2604436677129276
"[5, 8, 0, 2]",0.0,-0.385892206951256
"[2, 5, 1, 0]",0.0,-1.9123816402213776
"[1, 4, 1, 1]",0.0,-3.643262295847585
"[0, 3, 1, 2]",0.0,-5.345992195990728
"[3, 0, 0, 0]",0.0,-3.021470443334133
"[2, 3, 0, 1]",0.0,-1.111390427796773
"[1, 2, 0, 2]",0.0,-2.322339432165493
"[1, 5, 0, 0]",0.0,-2.5262328782111823
"[0, 4, 0, 1]",0.0,-2.8216291603831163
"[0, 5, 1, 0]",0.0,-5.51369402275729
"[0, 4, 1, 1]",0.0,-5.660082163362683
"[8, 0, 0, 1]",0.0,-2.6197782049362406
"[7, 5, 0, 2]",0.0,-0.8481396236168504
"[6, 4, 0, 3]",-0.8964817322195303,-1.1515845616806706
"[3, 1, 0, 0]",0.0,-2.734407112167529
"[2, 0, 0, 1]",0.0,-3.0674661554177303
"[1, 1, 0, 2]",0.0,-0.6782590825954481
"[0, 0, 0, 3]",-2.8751810083993483,-2.890750076380733
"[6, 8, 1, 3]",-0.9366634393255439,-0.9145459534952591
"[4, 6, 0, 0]",0.0,-1.8208731507054328
"[8, 5, 1, 2]",0.0,-0.1003914503180246
"[7, 4, 1, 3]",-0.4777142445190325,-0.45054321992670915
"[2, 6, 0, 1]",0.0,-1.685722681267514
"[1, 5, 0, 2]",0.0,-1.9036931627067306
"[1, 8, 0, 0]",0.0,-1.2335620207468763
"[0, 7, 0, 1]",0.0,-1.814070370930472
"[6, 8, 0, 0]",0.0,-0.2998342696734238
"[5, 7, 0, 1]",0.0,-0.38007802575225325
"[4, 6, 0, 2]",0.0,-0.7275590138474668
"[0, 7, 1, 0]",0.0,-4.699644860921911
"[0, 6, 1, 1]",0.0,-5.4560655960590445
"[0, 5, 1, 2]",0.0,-5.348668447295791
"[7, 2, 1, 0]",0.0,-1.6214803203476993
"[6, 1, 1, 1]",0.0,-2.1253617894698285
"[3, 6, 1, 0]",0.0,-1.660247175407331
"[2, 5, 1, 1]",0.0,-2.8755980882476115
"[1, 4, 1, 2]",0.0,-4.082090047680313
"[0, 8, 1, 2]",0.0,-3.423243473615346
"[0, 6, 1, 0]",0.0,-5.100587660901823
"[0, 5, 1, 1]",-0.3985455221309651,-5.541673115219738
"[0, 4, 1, 2]",0.0,-5.309583024733735
"[4, 8, 0, 3]",-0.8647623546617682,-0.8693955780644524
"[3, 7, 0, 3]",-1.3653346994655209,-1.3636882374785857
"[2, 6, 0, 3]",-1.9990287774061424,-1.8149977021904078
"[0, 4, 1, 0]",0.0,-5.052783413350467
"[0, 3, 1, 1]",0.0,-5.4008788418013
"[0, 2, 1, 2]",-0.2766062665618071,-5.052451846830349
"[8, 2, 1, 0]",-0.41283781547577125,-2.1584173532640407
"[7, 1, 1, 1]",0.0,-2.270764902444182
"[2, 8, 0, 2]",0.0,-1.6297200718521718
"[8, 5, 0, 1]",0.0,-1.2088473647160505
"[7, 4, 0, 2]",0.0,-1.5849244759476386
"[4, 1, 1, 0]",0.0,-3.245809456620892
"[3, 5, 0, 0]",0.0,-1.953854391621664
"[2, 4, 0, 1]",0.0,-2.5509489638504435
"[1, 3, 0, 2]",0.0,-2.7754033311016846
"[8, 4, 0, 3]",-1.6433867571019956,-1.809823600352276
"[6, 2, 1, 0]",0.0,-2.384990957904749
"[5, 1, 1, 1]",0.0,-2.6089146609123333
"[1, 5, 1, 0]",0.0,-3.7554575414727385
"[2, 4, 1, 0]",0.0,-2.4726732180772104
"[1, 3, 1, 1]",0.0,-3.9344408392455885
"[8, 7, 0, 1]",0.0,-0.6017644884041536
"[7, 6, 0, 2]",0.0,-0.6506885611349399
"[5, 3, 0, 2]",0.0,-1.7772876042708885
"[1, 0, 1, 0]",0.0,-5.463511349303917
"[1, 8, 1, 1]",0.0,-0.3773479762603722
"[8, 0, 0, 2]",-0.3519746454678385,-2.6523506842600164
"[8, 6, 0, 3]",-0.7189200289932315,-0.717910678241554
"[7, 5, 0, 3]",-0.7424174565664194,-0.7123097009237841
"[5, 3, 1, 0]",0.0,-1.434050496864653
"[4, 2, 1, 1]",0.0,-1.9778849238738847
"[3, 1, 1, 2]",0.0,-2.4014124400826784
"[8, 4, 1, 2]",0.0,-0.7521537293478606
"[5, 1, 0, 0]",0.0,-2.812272232650199
"[4, 0, 0, 1]",0.0,-3.48652223342774
"[8, 6, 1, 3]",-0.4205236461979584,-0.406611481367297
"[7, 5, 1, 3]",-0.3589004655885581,-0.43299670889995173
"[5, 3, 0, 0]",0.0,-1.2263921670478626
"[4, 2, 0, 1]",0.0,-2.0284132037173337
"[3, 1, 0, 2]",0.0,-2.948728733054566
"[1, 6, 0, 0]",0.0,-2.1297380073094354
"[0, 5, 0, 1]",0.0,-2.3016832580981097
"[8, 0, 0, 0]",0.0,-2.4878579715935683
"[4, 8, 1, 3]",-1.1175053446072325,-1.3618285581386094
"[2, 6, 0, 0]",0.0,-1.950331314681972
"[1, 5, 0, 1]",0.0,-2.1947812595059655
"[0, 4, 0, 2]",0.0,-2.336244677948075
"[8, 4, 1, 1]",0.0,-0.5107610756455807
"[7, 3, 1, 2]",0.0,-0.8595431001686462
"[4, 8, 0, 1]",0.0,-1.176844215893161
"[3, 7, 0, 2]",0.0,-1.5482988322990454
"[4, 8, 1, 0]",0.0,-0.008028752049939587
"[3, 7, 1, 1]",0.0,-0.07378022118841715
"[2, 6, 1, 2]",0.0,-0.6171550862408652
"[6, 8, 1, 1]",0.0,-1.4506981589392876
"[5, 7, 1, 2]",0.0,-1.6170469408341193
"[2, 4, 0, 0]",0.0,-2.700607653460133
"[1, 3, 0, 1]",0.0,-3.1564304926238327
"[0, 2, 0, 2]",0.0,-3.4148703943769303
"[3, 2, 0, 0]",0.0,-1.1331947249198624
"[2, 1, 0, 1]",0.0,-2.101421715884733
"[1, 0, 0, 2]",0.0,-3.2476129159905667
"[7, 8, 0, 2]",0.0,-0.26631190515419456
"[4, 5, 1, 0]",0.0,-0.2274331536979945
"[3, 4, 1, 1]",0.0,-0.6075524638545606
"[2, 3, 1, 2]",0.0,-1.5825438078454148
"[8, 7, 1, 3]",-0.15766468257604452,-0.13111541615116548
"[7, 6, 1, 3]",-0.12115450575106973,-0.2370256562498396
"[6, 5, 1, 3]",-0.038570648787140636,-0.0868298354055013
"[2, 1, 0, 0]",0.0,-2.9552234641364605
"[1, 0, 0, 1]",0.0,-3.509676433588411
"[4, 3, 1, 0]",0.0,-0.8433901952725867
"[3, 2, 1, 1]",0.0,-1.59952880247047
"[2, 1, 1, 2]",0.0,-2.8898246691102236
"[7, 3, 0, 0]",0.0,-1.6805069311728262
"[6, 2, 0, 1]",0.0,-2.4395815211087983
"[5, 1, 0, 2]",0.0,-3.2973048918678787
"[0, 3, 1, 0]",0.0,-4.939626083895467
"[8, 0, 0, 3]",-2.83130666274012,-3.0291048886802963
"[3, 1, 1, 0]",0.0,-3.7895099844468336
"[4, 7, 1, 0]",0.0,-0.3805873339819347
"[3, 6, 1, 1]",0.0,-1.042528600344334
"[2, 5, 1, 2]",0.0,-2.194362035453196
"[3, 8, 1, 3]",-0.922430884418779,-1.1770876485191577
"[2, 7, 1, 3]",-1.4942006909630738,-1.8405325406614004
"[1, 6, 1, 3]",-2.404459044987242,-2.833995454674578
"[0, 3, 0, 0]",0.0,-3.3644946806271676
"[1, 7, 1, 0]",0.0,-3.842147214832772
"[8, 4, 0, 0]",0.0,-0.3186779151836455
"[7, 3, 0, 1]",0.0,-0.5846969902851773
"[6, 2, 0, 2]",0.0,-1.191331731180394
"[8, 5, 1, 3]",-0.2690370148984597,-0.2810476775175858
"[6, 3, 0, 0]",0.0,-1.0327536511142184
"[5, 2, 0, 1]",0.0,-1.9372766897585154
"[4, 1, 0, 2]",0.0,-3.03731639362512
"[2, 7, 0, 0]",0.0,-1.5600962661835243
"[7, 5, 0, 0]",0.0,-0.8293150410568347
"[6, 4, 0, 1]",0.0,-1.1762407163267228
"[7, 3, 1, 0]",0.0,-1.8992956292419576
"[6, 2, 1, 1]",0.0,-2.072004891410474
"[5, 1, 1, 2]",0.0,-2.2187575245639164
"[8, 7, 1, 2]",0.0,-0.4489721047865973
"[5, 6, 1, 0]",0.0,-0.04449384018886959
"[4, 5, 1, 1]",0.0,-0.17605500242432168
"[3, 4, 1, 2]",0.0,-0.5443836225267391
"[0, 1, 0, 0]",0.0,-3.1806696517898283
"[7, 0, 1, 0]",0.0,-2.913284183400458
"[5, 8, 1, 2]",-0.19275858762162967,-1.2576668326737364
"[4, 8, 0, 2]",0.0,-0.8699401309395774
"[7, 6, 0, 0]",0.0,-0.4405201353055684
"[6, 5, 0, 1]",0.0,-0.6675312960486364
"[5, 4, 0, 2]",0.0,-1.1324326553831254
"[5, 8, 1, 0]",0.0,-0.373053060624769
"[4, 7, 1, 1]",0.0,-0.8057061137881337
"[3, 6, 1, 2]",0.0,-1.4489771939197946
"[0, 8, 0, 0]",0.0,-2.0579750697630073
"[6, 3, 1, 0]",0.0,-1.8248026279835614
"[5, 2, 1, 1]",0.0,-2.198615848605993
"[4, 1, 1, 2]",0.0,-2.428952027107694
"[7, 0, 0, 0]",0.0,-3.4973192814113814
"[8, 7, 0, 3]",-0.16502506039142928,-0.23820131750222334
"[6, 5, 1, 0]",0.0,-0.17866948940435914
"[5, 4, 1, 1]",0.0,-0.4862512285549707
"[4, 3, 1, 2]",0.0,-1.0808291864758064
"[8, 5, 1, 0]",0.0,-0.13640373148811955
"[7, 4, 1, 1]",0.0,-0.27174652703747804
"[6, 3, 1, 2]",0.0,-0.6423217227781258
"[0, 6, 0, 0]",0.0,-2.4523813952919826
"[0, 7, 0, 0]",0.0,-2.2532619323439005
"[6, 1, 1, 0]",0.0,-2.4343056980461446
"[1, 4, 1, 0]",0.0,-3.762780638448015
"[0, 1, 0, 2]",0.0,-3.2841879597627046
"[8, 3, 1, 3]",-0.8601997693901869,-0.9651974057888068
"[6, 1, 0, 0]",0.0,-2.5098734836662335
"[5, 0, 0, 1]",0.0,-3.4448496597635168
"[1, 8, 0, 2]",0.0,-1.5455154064151195
"[2, 6, 1, 0]",0.0,-2.5919475853505136
"[1, 5, 1, 1]",0.0,-4.088816750999108
"[5, 2, 1, 0]",0.0,-2.1776651638183493
"[4, 1, 1, 1]",0.0,-2.580807928930955
"[0, 5, 0, 0]",0.0,-3.061839046201527
"[2, 5, 0, 0]",0.0,-2.6198964323224043
"[1, 4, 0, 1]",0.0,-3.0641042924128086
"[0, 3, 0, 2]",0.0,-3.223277332122901
"[7, 4, 0, 0]",0.0,-0.6974302045344899
"[6, 3, 0, 1]",0.0,-1.3164420709395426
"[5, 2, 0, 2]",0.0,-2.259985168625942
"[7, 8, 1, 3]",-0.0427768236839306,-0.3007720976666797
"[5, 6, 0, 0]",0.0,-0.48218105357633023
"[4, 5, 0, 1]",0.0,-0.6181378112422541
"[3, 4, 0, 2]",0.0,-1.1050637364760543
"[3, 8, 1, 1]",0.0,-0.8402594079256919
"[2, 7, 1, 2]",-0.10145462100531746,-1.3638799530921477
"[7, 6, 1, 0]",0.0,-0.25456109429573776
"[6, 5, 1, 1]",0.0,-0.4386367632214706
"[5, 4, 1, 2]",0.0,-0.7703326764624191
"[7, 2, 0, 0]",0.0,-1.6471785360286983
"[6, 1, 0, 1]",0.0,-2.419888953727051
"[5, 0, 0, 2]",0.0,-3.0781941733337312
"[3, 7, 0, 0]",0.0,-1.4327941213079518
"[1, 7, 0, 0]",-0.4922047731232602,-2.2350902175029312
"[0, 6, 0, 1]",0.0,-2.38661471698656
"[8, 5, 0, 2]",-0.04705697453116155,-1.1763431320270463
"[3, 8, 0, 3]",-0.8635970162960573,-1.0612489316452631
"[2, 7, 0, 3]",-1.6606175050890686,-1.596238669638944
"[1, 6, 0, 3]",-2.3572572989938982,-1.9984598397939999
"[0, 5, 0, 3]",-3.2246389860116644,-2.0992132953236293
"[0, 8, 0, 2]",0.0,-1.6131817668593091
"[8, 6, 0, 1]",0.0,-0.7518329306939525
"[4, 2, 1, 0]",0.0,-2.6769364976990104
"[3, 1, 1, 1]",0.0,-3.393305100937772
"[5, 2, 0, 0]",0.0,-1.716279758188385
"[4, 1, 0, 1]",0.0,-2.7208662977605336
"[3, 0, 0, 2]",0.0,-3.7051652982957193
"[5, 1, 0, 1]",0.0,-2.8121512312294845
"[4, 0, 0, 2]",0.0,-3.649970306506334
"[1, 1, 0, 3]",-2.4094787668294213,-2.4732916331577353
"[3, 7, 1, 0]",0.0,-1.7844108822702036
"[2, 6, 1, 1]",0.0,-3.0123205939668964
"[1, 5, 1, 2]",0.0,-4.136183127998849
"[8, 7, 1, 1]",0.0,-0.03075069425450125
"[7, 6, 1, 2]",0.0,-0.04810243582506511
"[4, 3, 0, 0]",0.0,-0.8165516894699822
"[3, 2, 0, 1]",0.0,-1.6583496738808297
"[3, 8, 0, 1]",0.0,-1.0383058085710393
"[2, 7, 0, 2]",0.0,-1.511973628516601
"[0, 2, 0, 0]",0.0,-3.52048488830692
"[5, 0, 0, 0]",0.0,-3.3734448807641915
"[7, 4, 1, 0]",0.0,-1.4549288992953913
"[6, 3, 1, 1]",0.0,-1.7241800212195586
"[5, 2, 1, 2]",0.0,-1.9391308425532303
"[6, 4, 0, 0]",0.0,-0.8727207732727816
"[5, 3, 0, 1]",0.0,-1.4737771132993862
"[4, 2, 0, 2]",0.0,-2.2731711565393864
"[1, 8, 1, 2]",0.0,-1.7179164862643739
"[8, 4, 0, 1]",0.0,-1.255967500654604
"[7, 3, 0, 2]",0.0,-1.718357891362907
"[8, 1, 1, 2]",0.0,-1.8624208088588954
"[3, 8, 0, 0]",0.0,-0.6423774909325172
"[2, 7, 0, 1]",0.0,-1.2693389122277543
"[1, 6, 0, 2]",0.0,-1.7692454018996149
"[1, 1, 0, 0]",0.0,-1.5261993917751655
"[0, 0, 0, 1]",0.0,-2.422429235562543
"[6, 2, 0, 0]",0.0,-2.0533959797590065
"[8, 6, 1, 2]",0.0,-0.1316465155994105
"[3, 4, 0, 0]",0.0,-0.472998171584105
"[6, 4, 1, 0]",0.0,-1.1972093752983897
"[5, 3, 1, 1]",0.0,-1.7118427653951074
"[4, 2, 1, 2]",0.0,-2.195004461096889
"[0, 4, 0, 0]",0.0,-3.364378832795336
"[6, 5, 0, 0]",0.0,-0.3050675836646457
"[5, 4, 0, 1]",0.0,-0.7250237185813583
"[4, 3, 0, 2]",0.0,-1.5907520466347511
"[4, 7, 0, 0]",0.0,-1.3640874355810737
"[3, 6, 0, 1]",0.0,-1.7298272314220229
"[2, 5, 0, 2]",0.0,-1.9748741938522232
"[8, 6, 0, 2]",0.0,-0.4401490461043931
"[2, 7, 1, 0]",0.0,-2.0783602873820133
"[1, 6, 1, 1]",0.0,-3.8649011873206014
"[3, 8, 0, 2]",0.0,-0.850043157346608
"[4, 8, 1, 1]",0.0,-2.2270684747469556
"[3, 7, 1, 2]",0.0,-2.6181595802288715
"[5, 8, 0, 0]",-0.02509833388344255,-0.722208222582464
"[4, 7, 0, 1]",0.0,-1.0977307265914693
"[3, 6, 0, 2]",0.0,-1.5317541403067116
"[3, 6, 0, 0]",0.0,-1.3930804400321346
"[2, 5, 0, 1]",0.0,-1.7880849654807778
"[1, 4, 0, 2]",0.0,-2.0084737960025643
"[8, 1, 0, 1]",0.0,-1.0119814636999211
"[7, 0, 0, 2]",0.0,-1.950719619418096
"[7, 5, 1, 0]",0.0,-1.070586028132085
"[6, 4, 1, 1]",0.0,-1.5113511656883512
"[5, 3, 1, 2]",0.0,-1.9018945652197843
"[7, 8, 0, 0]",-6.561000000000002e-06,-0.10507772562565047
"[6, 7, 0, 1]",0.0,-0.1412201839045675
"[5, 6, 0, 2]",0.0,-0.23977343247127764
"[2, 3, 1, 0]",0.0,-1.0558188572828453
"[1, 2, 1, 1]",0.0,-2.746766287773699
"[7, 8, 1, 0]",0.0,-0.022330417092840334
"[6, 7, 1, 1]",0.0,-0.05360264139624861
"[5, 6, 1, 2]",0.0,-0.12933756954292214
"[2, 3, 0, 0]",0.0,-1.4326124626348293
"[1, 2, 0, 1]",0.0,-2.4173276928936733
"[5, 4, 0, 0]",0.0,-0.22129609810082868
"[4, 3, 0, 1]",0.0,-0.7810893510611716
"[3, 2, 0, 2]",0.0,-2.019065373113962
"[5, 8, 0, 1]",0.0,-0.4152542356002697
"[4, 7, 0, 2]",0.0,-0.5640304955136175
"[6, 7, 0, 0]",0.0,-0.12505889445968604
"[5, 6, 0, 1]",0.0,-0.3201976264613911
"[4, 5, 0, 2]",0.0,-0.7139718782220801
"[1, 2, 1, 0]",0.0,-3.9724942174969935
"[1, 6, 1, 0]",0.0,-3.5455091728058807
"[4, 2, 0, 0]",0.0,-1.8574604707509468
"[3, 1, 0, 1]",0.0,-2.6689020581891385
"[2, 0, 0, 2]",0.0,-3.334569586295679
"[6, 8, 1, 0]",0.0,-0.02301504823245341
"[5, 7, 1, 1]",0.0,-0.159169991657074
"[4, 6, 1, 2]",0.0,-0.7308760262834642
"[8, 3, 1, 0]",0.0,-1.3650960722499392
"[7, 2, 1, 1]",0.0,-1.7821548655854471
"[6, 1, 1, 2]",0.0,-2.074997536201092
"[3, 8, 1, 2]",0.0,-1.2948339300630767
"[0, 8, 1, 0]",0.0,-1.917295946645304
"[0, 7, 1, 1]",0.0,-2.9271653045751576
"[1, 8, 1, 0]",0.0,-0.03662428260983009
"[3, 8, 1, 0]",0.0,-0.0030883600241138802
"[2, 7, 1, 1]",0.0,-0.09648256803825064
"[1, 6, 1, 2]",0.0,-1.0462646340202273
"[1, 1, 0, 1]",0.0,-0.1
"[0, 0, 0, 2]",0.0,-0.4564285753612449
