"[9, 9, 0, 0]",0.0,-0.35523503027690884
"[9, 9, 0, 1]",0.0,-0.37015177507776914
"[9, 9, 0, 2]",0.0,-0.6786294523592393
"[9, 9, 0, 3]",-0.2645407209131091,-0.7790899768008633
"[9, 9, 1, 0]",0.0,-0.26577423741529005
"[9, 9, 1, 1]",0.0,-0.2522725383245898
"[9, 9, 1, 2]",0.0,-0.3434138966566289
"[9, 9, 1, 3]",-0.02291068954423108,-0.6600759364939047
"[8, 9, 1, 3]",0.0,-0.17481695108037576
"[7, 9, 0, 0]",0.0,-0.16333320986385955
"[6, 9, 0, 1]",0.0,-0.2500833018799514
"[5, 9, 0, 2]",0.0,-0.6083454949833036
"[4, 9, 0, 3]",-0.31255010050062415,-0.6137742486375479
"[3, 9, 0, 3]",-0.33439488609133655,-0.4539042656562558
"[2, 9, 1, 0]",0.0,-0.3369534015214362
"[1, 9, 1, 1]",0.0,-0.3374472309918555
"[0, 9, 1, 2]",0.0,-1.8873736540041701
"[0, 9, 1, 3]",-0.9999999999999996,-1.7471628101674637
"[4, 8, 0, 0]",0.0,-0.18619082100000003
"[3, 7, 0, 1]",0.0,-0.2575717389
"[2, 6, 0, 2]",0.0,-0.35209153890000006
"[1, 5, 0, 3]",-0.25561,-0.10030775184591785
"[0, 4, 0, 3]",-0.19,-0.10307751845917842
"[0, 3, 1, 0]",0.0,-0.6513215599000001
"[0, 2, 1, 1]",0.0,-0.8146979811148158
"[0, 1, 1, 2]",0.0,-1.5154924430263543
"[0, 0, 1, 3]",-0.9999238226519541,-1.1983516373016285
"[9, 1, 0, 0]",0.0,-0.27485620550091633
"[9, 0, 0, 1]",0.0,-0.9999932484487815
"[9, 1, 0, 2]",0.0,-1.112720373806772
"[8, 0, 0, 3]",-0.271,-0.21398705525749181
"[7, 0, 1, 0]",0.0,-0.32194900000000004
"[6, 0, 1, 1]",0.0,-0.367190821
"[5, 0, 1, 2]",0.0,-0.4838522710139942
"[4, 0, 1, 3]",-0.2048146925481,-0.29012062091141666
"[3, 0, 1, 3]",-0.28666866501000005,-0.30325445999422784
"[2, 0, 1, 3]",-0.392195450738251,-0.3499422040794915
"[1, 9, 0, 0]",0.0,-0.5587235788768395
"[0, 9, 0, 1]",0.0,-0.5457512046578672
"[9, 8, 0, 3]",-0.007172132839504274,-0.19087641100000002
"[9, 7, 1, 0]",0.0,-0.008775895914589613
"[9, 6, 1, 1]",0.0,-0.11096949215252953
"[9, 5, 1, 2]",0.0,-0.20307371849610562
"[9, 4, 1, 3]",-0.19368211987285414,-0.3050442976793278
"[9, 3, 1, 3]",-0.08497203995608306,-0.19903147353068162
"[9, 2, 0, 0]",0.0,-0.2282138110569389
"[9, 1, 0, 1]",0.0,-0.257430140319694
"[9, 0, 0, 2]",0.0,-1.2530635485203054
"[8, 9, 1, 0]",0.0,-0.21744639842911415
"[7, 9, 1, 1]",0.0,-0.2202336246151794
"[6, 9, 1, 2]",0.0,-0.18458600911874834
"[5, 9, 1, 3]",0.0,-0.1849357703916687
"[4, 9, 0, 0]",0.0,-0.173068814060304
"[3, 9, 0, 1]",0.0,-0.27960837376593206
"[2, 9, 0, 2]",0.0,-0.5081997494864068
"[1, 9, 0, 3]",-0.40625816517369306,-0.7594068103061788
"[0, 9, 1, 0]",0.0,-0.9999998309981739
"[0, 9, 1, 1]",0.0,-0.9999999999841063
"[0, 8, 1, 3]",-0.8332281830033343,-0.9306386883326815
"[9, 7, 0, 0]",0.0,-0.63002741597343
"[9, 6, 0, 1]",0.0,-0.5103559694044971
"[9, 5, 0, 2]",0.0,-0.5058947680576333
"[9, 4, 0, 3]",-0.012043460588983075,-0.2888753184826548
"[9, 3, 0, 3]",-0.01067189460075413,-0.5862736100600245
"[9, 2, 0, 3]",-0.15133553294171548,-0.49849295151040796
"[8, 1, 1, 0]",0.0,0.0
"[7, 0, 1, 1]",0.0,-0.28197379
"[6, 0, 1, 2]",0.0,-0.3449382851930636
"[5, 0, 1, 3]",-0.10539466607672993,-0.18141330683522383
"[3, 9, 0, 0]",0.0,-0.05239997997663235
"[2, 9, 0, 1]",0.0,-0.18479164291705408
"[1, 9, 0, 2]",0.0,-0.7594351130513467
"[0, 9, 0, 3]",-0.8332281830033343,-0.5405170969353077
"[0, 8, 1, 2]",0.0,-1.4659843230897525
"[0, 7, 1, 3]",-0.9353891811077333,-0.9323789920304336
"[1, 6, 0, 0]",0.0,-0.35880310000000004
"[0, 5, 0, 1]",0.0,-0.35880310000000004
"[9, 4, 0, 2]",0.0,-0.28056144301986835
"[9, 2, 1, 0]",0.0,-0.03105124147298162
"[9, 1, 1, 1]",0.0,-0.03375735164803807
"[9, 0, 1, 2]",0.0,-0.6011299661827751
"[9, 0, 1, 3]",-0.2605699597770006,-0.6533932481610951
"[4, 9, 1, 3]",-0.0010775263664305817,-0.24939941335084242
"[9, 2, 1, 3]",-0.11976029251419473,-0.21053519504521764
"[9, 1, 1, 3]",-0.017039599972286833,-0.3351679715286873
"[9, 0, 0, 0]",0.0,-0.9999885661887271
"[9, 8, 0, 2]",0.0,-0.41367016384970734
"[9, 7, 0, 3]",-0.007309981927782287,-0.23890561294319224
"[9, 6, 0, 3]",-0.14440185276141,-0.4064814705349931
"[9, 5, 1, 0]",0.0,-0.15903165187999907
"[9, 4, 1, 1]",0.0,-0.19824052870096637
"[9, 3, 1, 2]",0.0,-0.19414008356430223
"[8, 9, 0, 2]",0.0,-0.7836770308209151
"[7, 9, 0, 3]",-0.28511597608125794,-0.5841520263471106
"[6, 9, 1, 0]",0.0,-0.30291862228155014
"[5, 9, 1, 1]",0.0,-0.3081746382933441
"[4, 9, 1, 2]",0.0,-0.36303117643794314
"[3, 9, 1, 3]",-0.026220147202404988,-0.15673833603098336
"[2, 9, 0, 0]",0.0,-0.19093916592161547
"[1, 9, 0, 1]",0.0,-0.2050414151419983
"[0, 9, 0, 2]",0.0,-0.4388182487635198
"[9, 6, 1, 0]",0.0,-0.07040274002452093
"[9, 5, 1, 1]",0.0,-0.08323223896511606
"[9, 4, 1, 2]",0.0,-0.174824552467853
"[8, 9, 0, 1]",0.0,-0.33027353088562655
"[7, 9, 0, 2]",0.0,-0.5444840426705525
"[6, 9, 0, 3]",-0.17103057157743387,-0.6475428883523147
"[5, 9, 1, 0]",0.0,-0.17247129723568438
"[4, 9, 1, 1]",0.0,-0.17339071485935045
"[3, 9, 1, 2]",0.0,-0.1898056562470817
"[2, 9, 1, 3]",-0.09012636599556026,-0.3129222740482201
"[1, 9, 1, 3]",-0.1527175800075261,-0.45193460970984706
"[0, 9, 0, 0]",0.0,-0.11135860516054201
"[7, 8, 0, 3]",0.0,0.0
"[6, 7, 1, 0]",0.0,0.0
"[5, 6, 1, 1]",0.0,0.0
"[4, 5, 1, 2]",0.0,0.0
"[3, 4, 1, 3]",0.0,0.0
"[2, 3, 1, 3]",0.0,0.0
"[1, 2, 1, 3]",0.0,-0.06175704635190001
"[0, 1, 0, 0]",0.0,0.0
"[7, 9, 1, 3]",-8.595044557171425e-05,-0.3702688744258466
"[6, 9, 1, 3]",-0.07230652483667495,-0.18197379000000002
"[5, 9, 0, 0]",0.0,-0.1809209101925083
"[4, 9, 0, 1]",0.0,-0.23385745401705615
"[3, 9, 0, 2]",0.0,-0.5635215470262929
"[2, 9, 0, 3]",-0.2509159157918832,-0.6049992658399371
"[9, 8, 1, 1]",0.0,-0.3765091428004151
"[9, 7, 1, 2]",0.0,-0.5122530183597689
"[9, 6, 1, 3]",-0.1487381913808184,-0.4970691908417428
"[9, 5, 1, 3]",-0.37148392228799115,-0.2976772377771534
"[9, 4, 0, 0]",0.0,-0.6352934928788468
"[9, 3, 0, 1]",0.0,-0.6319176566507828
"[9, 2, 0, 2]",0.0,-0.8768499386892021
"[9, 1, 0, 3]",-0.2521645708638722,-0.6761692484703521
"[9, 0, 1, 0]",0.0,-0.637714444204635
"[9, 0, 1, 1]",0.0,-0.49646131899438795
"[8, 0, 1, 3]",-0.12943048804154605,-0.27057717032571005
"[0, 6, 1, 3]",-0.8905810108684877,-1.0230210716232837
"[9, 5, 0, 0]",0.0,-0.29991318279081175
"[9, 4, 0, 1]",0.0,-0.2868087053446631
"[9, 3, 0, 2]",0.0,-0.5178237815229414
"[9, 1, 1, 0]",0.0,-0.15400742473349346
"[7, 0, 1, 3]",-0.12142622765670626,-0.37227367880199996
"[6, 9, 0, 0]",0.0,-0.0564875993981757
"[5, 9, 0, 1]",0.0,-0.15721942744428916
"[4, 9, 0, 2]",0.0,-0.50491931913216
"[3, 8, 0, 1]",0.0,-0.06561
"[2, 7, 0, 2]",0.0,-0.06561
"[1, 6, 0, 3]",0.0,-0.1
"[0, 5, 1, 0]",0.0,-0.46855900000000006
"[0, 4, 1, 1]",0.0,-0.612579511
"[0, 3, 1, 2]",0.0,-1.3095521318475576
"[0, 2, 1, 3]",-0.8905810108684877,-0.9223906302428797
"[8, 9, 1, 2]",0.0,-0.3065650052476289
"[9, 8, 1, 3]",-0.37855811908734055,-0.21201301288260327
"[9, 7, 1, 3]",-0.09213271006859719,-0.2871058532814694
"[9, 8, 0, 1]",0.0,-0.34473767849692954
"[9, 7, 0, 2]",0.0,-0.5930884848688442
"[9, 5, 0, 3]",-0.08152971224040695,-0.3368467002585536
"[9, 3, 1, 0]",0.0,-0.015722857639166907
"[9, 2, 1, 1]",0.0,-0.02420944770337848
"[9, 1, 1, 2]",0.0,-0.24731033762501192
"[6, 8, 0, 1]",0.0,0.0
"[5, 7, 0, 2]",0.0,0.0
"[4, 6, 0, 3]",0.0,0.0
"[3, 5, 1, 0]",0.0,0.0
"[2, 4, 1, 1]",0.0,0.0
"[1, 3, 1, 2]",0.0,-0.15886632115408106
"[0, 1, 1, 3]",-0.947665236697264,-0.9389552367550976
"[6, 0, 1, 3]",-0.4206307853649611,-0.25848755076719
"[8, 9, 1, 1]",0.0,-0.24718219848400574
"[7, 9, 1, 2]",0.0,-0.2822865123539654
"[9, 6, 0, 0]",0.0,-0.3164164705696245
"[9, 5, 0, 1]",0.0,-0.24133381253892613
"[3, 9, 1, 0]",0.0,-0.31260298178944895
"[2, 9, 1, 1]",0.0,-0.3130693785024947
"[1, 9, 1, 2]",0.0,-1.2121658376060067
"[9, 4, 1, 0]",0.0,-0.07206404211312259
"[9, 3, 1, 1]",0.0,-0.09198316198941212
"[9, 2, 1, 2]",0.0,-0.14303091443517227
"[8, 9, 0, 3]",-0.35420448102016183,-0.5651437289025536
"[7, 9, 1, 0]",0.0,-0.43728948274094054
"[6, 9, 1, 1]",0.0,-0.4773432675123203
"[5, 9, 1, 2]",0.0,-0.4845448620028179
"[1, 9, 1, 0]",0.0,-0.2642189147450541
"[0, 8, 1, 1]",0.0,-0.717570463519
"[0, 7, 1, 2]",0.0,-1.2311830497633274
"[0, 5, 1, 3]",-0.8649148282327008,-0.874442946861992
"[0, 4, 1, 3]",-0.8499053647030008,-0.8947010396190386
"[9, 3, 0, 0]",0.0,-0.306589237612197
"[9, 2, 0, 1]",0.0,-0.25010905551547913
"[9, 0, 0, 3]",-0.9999734386011123,-1.078734896200651
"[5, 9, 0, 3]",-0.17792980979950654,-0.6431243411537563
"[9, 8, 0, 0]",0.0,-0.3391338501650065
"[9, 7, 0, 1]",0.0,-0.2698951997994313
"[9, 6, 0, 2]",0.0,-0.5629394389593381
"[8, 1, 0, 1]",0.0,-0.2439
"[7, 0, 0, 2]",0.0,-0.37984773839896085
"[6, 1, 0, 3]",-0.18100000000000002,-0.2359936072239685
"[5, 0, 1, 0]",0.0,-0.4626541
"[4, 0, 1, 1]",0.0,-0.44916836464810006
"[3, 0, 1, 2]",0.0,-0.6128405905916682
"[1, 0, 1, 3]",-0.09926190446207848,-0.7294102349227748
"[9, 8, 1, 0]",0.0,-0.081
"[9, 7, 1, 1]",0.0,-0.14661
"[9, 6, 1, 2]",0.0,-0.41870929961458514
"[8, 0, 1, 2]",0.0,-0.5555754313275334
"[9, 8, 1, 2]",0.0,-0.34115946472908604
"[8, 1, 1, 1]",0.0,-0.2439
"[7, 0, 1, 2]",0.0,-0.4446179610903549
"[0, 4, 1, 0]",0.0,-0.7458134171671
"[0, 3, 1, 1]",0.0,-0.814697981114816
"[0, 2, 1, 2]",0.0,-1.6154937717919258
"[8, 3, 0, 2]",0.0,-0.14661000000000002
"[7, 2, 0, 3]",0.0,-0.1
"[5, 0, 0, 3]",-0.468559,-0.45361775683418787
"[4, 1, 0, 3]",-0.0729,-0.19
"[3, 0, 1, 0]",0.0,-0.197559
"[2, 0, 1, 1]",0.0,-0.27166483890000004
"[1, 0, 1, 2]",0.0,-0.9391599048882909
"[8, 7, 1, 3]",0.0,-0.1
"[7, 6, 1, 3]",0.0,0.0
"[6, 5, 0, 0]",0.0,-0.09
"[5, 4, 0, 1]",0.0,-0.09
"[4, 3, 0, 2]",0.0,-0.09
"[3, 2, 0, 3]",0.0,-0.009000000000000001
"[2, 1, 1, 0]",0.0,0.0
"[1, 0, 1, 1]",0.0,-0.372403849609
"[0, 0, 1, 2]",0.0,-1.8738184498135841
"[8, 9, 0, 0]",0.0,-0.03742947490330412
"[7, 9, 0, 1]",0.0,-0.14129646622281167
"[6, 9, 0, 2]",0.0,-0.4329025406846859
"[4, 9, 1, 0]",0.0,-0.17880959691535547
"[3, 9, 1, 1]",0.0,-0.18857307278076316
"[2, 9, 1, 2]",0.0,-0.35604958226303846
"[8, 1, 0, 2]",0.0,-0.093459393947997
"[7, 0, 0, 3]",-0.19,-0.24395364840991185
"[6, 0, 1, 0]",0.0,-0.15561
"[5, 0, 1, 1]",0.0,-0.102095721
"[4, 0, 1, 2]",0.0,-0.23938598790513552
"[3, 5, 0, 0]",0.0,-0.18779104890000003
"[2, 4, 0, 1]",0.0,-0.18779104890000003
"[1, 3, 0, 2]",0.0,-0.26383007298927674
"[0, 2, 0, 3]",-0.271,-0.20025083019791656
"[0, 1, 1, 0]",0.0,-0.6125795110000001
"[0, 0, 1, 1]",0.0,-0.911370618803475
"[0, 8, 0, 1]",0.0,-0.32851
"[8, 5, 1, 0]",0.0,0.0
"[7, 4, 1, 1]",0.0,0.0
"[6, 3, 1, 2]",0.0,0.0
"[5, 2, 1, 3]",0.0,0.0
"[4, 1, 1, 3]",0.0,-0.03207639177270001
"[3, 0, 0, 0]",0.0,-0.5695327900000001
"[8, 2, 1, 3]",0.0,0.0
"[7, 1, 1, 3]",0.0,-0.09656100000000001
"[6, 0, 0, 0]",0.0,-0.6513215599
"[2, 8, 0, 0]",0.0,-0.1
"[1, 7, 0, 1]",0.0,-0.16561000000000003
"[0, 6, 0, 2]",0.0,-0.2513463373151856
"[7, 8, 1, 1]",0.0,0.0
"[6, 7, 1, 2]",0.0,0.0
"[5, 6, 1, 3]",0.0,0.0
"[4, 5, 0, 0]",0.0,0.0
"[3, 4, 0, 1]",0.0,0.0
"[2, 3, 0, 2]",0.0,0.0
"[1, 2, 0, 3]",0.0,0.0
"[2, 8, 0, 1]",0.0,0.0
"[1, 7, 0, 2]",0.0,-0.013301408870574731
"[0, 6, 0, 3]",-0.1,-0.07313275708472446
"[0, 3, 1, 3]",-0.9202335569231275,-0.9821991648708157
"[8, 0, 0, 1]",0.0,-0.6513215599000001
"[8, 2, 1, 1]",0.0,-0.0729
"[7, 1, 1, 2]",0.0,-0.18321640585812216
"[8, 6, 1, 1]",0.0,0.0
"[7, 5, 1, 2]",0.0,0.0
"[6, 4, 1, 3]",0.0,0.0
"[5, 3, 1, 3]",0.0,0.0
"[4, 2, 1, 3]",0.0,0.0
"[3, 1, 0, 0]",0.0,-0.0729
"[2, 0, 0, 1]",0.0,-0.40951000000000004
"[5, 8, 0, 3]",0.0,-0.1
"[4, 7, 1, 0]",0.0,0.0
"[3, 6, 1, 1]",0.0,-0.1
"[2, 5, 1, 2]",0.0,-0.1
"[1, 4, 1, 3]",-0.1,0.0
"[0, 3, 0, 0]",0.0,-0.1
"[3, 8, 1, 1]",0.0,-0.0729
"[2, 7, 1, 2]",0.0,-0.0729
"[1, 6, 1, 3]",0.0,-0.15861894039100002
"[0, 5, 0, 0]",0.0,0.0
"[8, 6, 0, 2]",0.0,-0.16880489999999998
"[7, 5, 0, 3]",-0.1,-0.059049000000000004
"[6, 4, 0, 3]",0.0,0.0
"[5, 3, 0, 3]",0.0,-0.109
"[4, 2, 0, 3]",-0.18100000000000002,-0.099486527673519
"[3, 1, 0, 3]",-0.1729,-0.1484890989291
"[2, 0, 0, 3]",-0.34390000000000004,-0.37957799961300553
"[8, 5, 0, 0]",0.0,-0.059049000000000004
"[7, 4, 0, 1]",0.0,-0.059049000000000004
"[6, 3, 0, 2]",0.0,-0.068049
"[5, 2, 0, 3]",-0.09,-0.19477
"[3, 0, 0, 3]",-0.34390000000000004,-0.3154652133767226
"[2, 0, 1, 0]",0.0,-0.39367094401
"[1, 8, 0, 2]",0.0,-0.10045562528123546
"[0, 7, 0, 3]",-0.19,-0.12787190130041037
"[8, 4, 1, 2]",0.0,0.0
"[7, 3, 1, 3]",0.0,0.0
"[6, 2, 0, 0]",0.0,-0.1
"[5, 1, 0, 1]",0.0,-0.1
"[4, 0, 0, 2]",0.0,-0.3119478802420736
"[8, 1, 1, 3]",0.0,-0.009000000000000001
"[1, 8, 0, 0]",0.0,-0.34390000000000004
"[0, 7, 0, 1]",0.0,-0.34390000000000004
"[8, 4, 1, 3]",0.0,0.0
"[7, 3, 0, 0]",0.0,0.0
"[6, 2, 0, 1]",0.0,0.0
"[5, 1, 0, 2]",0.0,0.0
"[4, 0, 0, 3]",-0.19,-0.2387288886731559
"[0, 8, 0, 3]",-0.1,-0.005248561952599721
"[0, 7, 1, 0]",0.0,-0.34390000000000004
"[0, 6, 1, 1]",0.0,-0.68618940391
"[0, 5, 1, 2]",0.0,-1.2290628675771418
"[1, 1, 0, 0]",0.0,-0.1
"[0, 0, 0, 1]",0.0,-0.1
"[8, 2, 0, 2]",0.0,-0.19
"[7, 1, 0, 3]",0.0,-0.109
"[7, 4, 0, 3]",0.0,-0.1
"[6, 3, 0, 3]",-0.1,-0.124057
"[5, 2, 1, 0]",0.0,-0.1
"[4, 1, 1, 1]",0.0,-0.1
"[4, 8, 1, 1]",0.0,-0.09
"[3, 7, 1, 2]",0.0,-0.09
"[2, 6, 1, 3]",0.0,-0.1
"[1, 5, 1, 3]",0.0,-0.055132155989999994
"[0, 4, 0, 0]",0.0,0.0
"[5, 8, 0, 0]",0.0,-0.15561
"[4, 7, 0, 1]",0.0,-0.15561
"[3, 6, 0, 2]",0.0,-0.184932
"[2, 5, 0, 3]",-0.09,-0.16371
"[1, 4, 1, 0]",0.0,-0.09
"[5, 8, 0, 1]",0.0,-0.212949
"[4, 7, 0, 2]",0.0,-0.28165409999999996
"[3, 6, 0, 3]",0.0,-0.18829
"[1, 0, 0, 0]",0.0,-0.40951000000000004
"[4, 1, 0, 0]",0.0,-0.059049000000000004
"[3, 0, 0, 1]",0.0,-0.5217031
"[4, 1, 1, 0]",0.0,-0.09
"[3, 0, 1, 1]",0.0,-0.49912998069572995
"[2, 0, 1, 2]",0.0,-0.5226360012685534
"[6, 8, 1, 1]",0.0,0.0
"[5, 7, 1, 2]",0.0,0.0
"[4, 6, 1, 3]",0.0,-0.1
"[8, 3, 1, 1]",0.0,0.0
"[7, 2, 1, 2]",0.0,0.0
"[6, 1, 1, 3]",0.0,-0.006561000000000001
"[2, 1, 0, 2]",0.0,-0.22726000000000002
"[1, 0, 0, 3]",-0.34390000000000004,-0.3321862431427559
"[0, 1, 0, 3]",-0.19,-0.3832286000016553
"[8, 6, 0, 0]",0.0,-0.081
"[7, 5, 0, 1]",0.0,-0.081
"[6, 4, 0, 2]",0.0,-0.081
"[3, 1, 1, 0]",0.0,-0.18100000000000002
"[5, 8, 0, 2]",0.0,-0.1
"[4, 7, 0, 3]",0.0,-0.1
"[3, 6, 1, 0]",0.0,0.0
"[2, 5, 1, 1]",0.0,0.0
"[1, 4, 1, 2]",0.0,-0.1916049983871822
"[8, 2, 1, 2]",0.0,-0.1260441
"[6, 8, 1, 3]",0.0,-0.1
"[5, 7, 1, 3]",0.0,-0.1
"[3, 5, 1, 3]",0.0,-0.1
"[2, 4, 1, 3]",0.0,-0.1
"[1, 3, 1, 3]",0.0,0.0
"[0, 2, 0, 0]",0.0,0.0
"[5, 8, 1, 1]",0.0,0.0
"[4, 7, 1, 2]",0.0,0.0
"[3, 6, 1, 3]",0.0,0.0
"[2, 5, 0, 0]",0.0,0.0
"[1, 4, 0, 1]",0.0,0.0
"[0, 3, 0, 2]",0.0,-0.06200483614320162
"[8, 5, 1, 1]",0.0,0.0
"[7, 4, 1, 2]",0.0,0.0
"[6, 3, 1, 3]",0.0,0.0
"[5, 2, 0, 0]",0.0,0.0
"[4, 1, 0, 1]",0.0,-0.1
"[3, 0, 0, 2]",0.0,-0.49952973899498987
"[5, 3, 0, 0]",0.0,-0.081
"[4, 2, 0, 1]",0.0,-0.081
"[3, 1, 0, 2]",0.0,-0.10836960275438337
"[1, 0, 1, 0]",0.0,-0.44070310000000007
"[5, 8, 1, 3]",0.0,0.0
"[4, 7, 1, 3]",0.0,0.0
"[8, 3, 0, 0]",0.0,-0.20565899999999998
"[7, 2, 0, 1]",0.0,-0.20565899999999998
"[6, 1, 0, 2]",0.0,-0.3763398665015717
"[4, 0, 1, 0]",0.0,-0.536092619509
"[5, 3, 1, 0]",0.0,0.0
"[4, 2, 1, 1]",0.0,0.0
"[3, 1, 1, 2]",0.0,-0.11451526490055988
"[1, 4, 0, 3]",-0.081,-0.21971938944353134
"[0, 3, 0, 3]",-0.34390000000000004,-0.3363584658248371
"[8, 5, 1, 3]",0.0,0.0
"[7, 4, 1, 3]",0.0,0.0
"[8, 6, 0, 3]",-0.1,-0.026244000000000003
"[7, 5, 1, 0]",0.0,-0.1
"[6, 4, 1, 1]",0.0,-0.1
"[5, 3, 1, 2]",0.0,-0.1
"[3, 1, 1, 3]",0.0,-0.009000000000000001
"[4, 7, 0, 0]",0.0,0.0
"[3, 6, 0, 1]",0.0,0.0
"[2, 5, 0, 2]",0.0,-0.009000000000000001
"[0, 2, 1, 0]",0.0,-0.46855900000000006
"[0, 1, 1, 1]",0.0,-0.5695327900000001
"[3, 8, 1, 3]",0.0,-0.1
"[2, 7, 1, 3]",0.0,0.0
"[5, 7, 0, 0]",0.0,-0.0729
"[4, 6, 0, 1]",0.0,-0.0729
"[3, 5, 0, 2]",0.0,-0.0729
"[2, 4, 0, 3]",0.0,-0.1
"[1, 3, 1, 0]",0.0,0.0
"[3, 8, 0, 2]",0.0,-0.014580000000000003
"[2, 7, 0, 3]",-0.0729,-0.1
"[0, 5, 0, 3]",-0.19,-0.11249404240278983
"[8, 5, 0, 2]",0.0,-0.1
"[6, 3, 1, 0]",0.0,0.0
"[5, 2, 1, 1]",0.0,0.0
"[4, 1, 1, 2]",0.0,-0.08972695494916669
"[2, 8, 1, 2]",0.0,-0.27248869
"[1, 7, 1, 3]",0.0,-0.19507078711000006
"[0, 6, 0, 0]",0.0,0.0
"[8, 4, 0, 2]",0.0,-0.15561
"[7, 3, 0, 3]",0.0,-0.1
"[6, 2, 1, 0]",0.0,0.0
"[5, 1, 1, 1]",0.0,0.0
"[8, 4, 1, 0]",0.0,-0.1
"[7, 3, 1, 1]",0.0,-0.1
"[6, 2, 1, 2]",0.0,-0.1
"[5, 1, 1, 3]",0.0,-0.008562105000000002
"[1, 1, 0, 2]",0.0,-0.1
"[0, 0, 0, 3]",-0.1,-0.113265889291
"[2, 5, 1, 0]",0.0,0.0
"[1, 4, 1, 1]",0.0,0.0
"[7, 8, 1, 3]",0.0,0.0
"[6, 7, 0, 0]",0.0,0.0
"[5, 6, 0, 1]",0.0,0.0
"[4, 5, 0, 2]",0.0,0.0
"[3, 4, 0, 3]",0.0,0.0
"[2, 3, 0, 3]",0.0,0.0
"[2, 8, 0, 3]",0.0,0.0
"[1, 7, 0, 3]",0.0,-0.004182665850248468
"[0, 6, 1, 0]",0.0,-0.794108867905351
"[0, 5, 1, 1]",0.0,-0.8649148282327007
"[0, 4, 1, 2]",0.0,-1.4888642170313853
"[8, 3, 0, 3]",0.0,0.0
"[7, 2, 1, 0]",0.0,0.0
"[6, 1, 1, 1]",0.0,0.0
"[4, 5, 1, 3]",0.0,0.0
"[2, 3, 0, 0]",0.0,0.0
"[1, 2, 0, 1]",0.0,0.0
"[0, 1, 0, 2]",0.0,-0.31635442545505443
"[8, 0, 1, 1]",0.0,-0.16002279
"[6, 8, 0, 0]",0.0,-0.13194899999999998
"[5, 7, 0, 1]",0.0,-0.13194899999999998
"[4, 6, 0, 2]",0.0,-0.13194899999999998
"[3, 5, 0, 3]",0.0,-0.1
"[1, 3, 0, 3]",-0.09,-0.00582602301
"[2, 8, 1, 0]",0.0,-0.09
"[1, 7, 1, 1]",0.0,-0.09
"[0, 6, 1, 2]",0.0,-1.2753536058244015
"[8, 5, 0, 1]",0.0,-0.1
"[7, 4, 0, 2]",0.0,-0.10225990000000001
"[1, 8, 1, 3]",0.0,-0.04300218
"[1, 4, 0, 0]",0.0,-0.287559
"[0, 3, 0, 1]",0.0,-0.287559
"[8, 1, 0, 3]",-0.1,-0.009000000000000001
"[1, 8, 1, 2]",0.0,-0.47797590976322724
"[8, 6, 1, 3]",0.0,-0.1
"[7, 5, 1, 3]",0.0,-0.1
"[1, 7, 1, 0]",0.0,0.0
"[1, 8, 1, 0]",0.0,0.0
"[0, 7, 1, 1]",0.0,-0.5217031
"[2, 8, 1, 1]",0.0,-0.23661000000000001
"[1, 7, 1, 2]",0.0,-0.5804150545128508
"[8, 2, 0, 3]",-0.1,-0.1
"[4, 8, 0, 1]",0.0,0.0
"[3, 7, 0, 2]",0.0,0.0
"[2, 6, 0, 3]",0.0,-0.009000000000000001
"[7, 8, 0, 2]",0.0,-0.09
"[6, 7, 0, 3]",0.0,0.0
"[5, 6, 1, 0]",0.0,0.0
"[4, 5, 1, 1]",0.0,0.0
"[3, 4, 1, 2]",0.0,0.0
"[8, 2, 0, 0]",0.0,-0.12465899999999999
"[7, 1, 0, 1]",0.0,-0.12465899999999999
"[6, 0, 0, 2]",0.0,-0.7158884244981794
"[8, 2, 0, 1]",0.0,-0.32851
"[7, 1, 0, 2]",0.0,-0.451989825134706
"[6, 0, 0, 3]",-0.34390000000000004,-0.3253553847008363
"[8, 5, 0, 3]",-0.081,-0.1
"[7, 4, 1, 0]",0.0,-0.081
"[6, 3, 1, 1]",0.0,-0.081
"[5, 2, 1, 2]",0.0,-0.081
"[8, 6, 1, 2]",0.0,0.0
"[6, 4, 0, 0]",0.0,0.0
"[5, 3, 0, 1]",0.0,0.0
"[4, 2, 0, 2]",0.0,-0.018970909892910004
"[8, 3, 0, 1]",0.0,-0.1729
"[7, 2, 0, 2]",0.0,-0.20575454774862995
"[5, 0, 0, 0]",0.0,-0.40951000000000004
"[8, 7, 0, 1]",0.0,-0.181
"[7, 6, 0, 2]",0.0,-0.181
"[6, 5, 0, 3]",-0.1,-0.1
"[5, 4, 0, 3]",-0.09,-0.1
"[4, 3, 0, 3]",0.0,0.0
"[3, 2, 1, 0]",0.0,-0.1
"[2, 1, 1, 1]",0.0,-0.1
"[4, 8, 0, 2]",0.0,0.0
"[3, 7, 0, 3]",0.0,0.0
"[2, 6, 1, 0]",0.0,0.0
"[1, 5, 1, 1]",0.0,0.0
"[6, 4, 1, 0]",0.0,-0.1
"[5, 3, 1, 1]",0.0,-0.1
"[4, 2, 1, 2]",0.0,-0.1
"[2, 0, 0, 0]",0.0,-0.34390000000000004
"[7, 0, 0, 0]",0.0,-0.271
"[6, 8, 0, 2]",0.0,0.0
"[5, 7, 0, 3]",0.0,0.0
"[8, 7, 0, 0]",0.0,0.0
"[7, 6, 0, 1]",0.0,0.0
"[6, 5, 0, 2]",0.0,-0.009000000000000001
"[4, 3, 1, 0]",0.0,-0.09
"[3, 2, 1, 1]",0.0,-0.09
"[2, 1, 1, 2]",0.0,-0.10978914018072218
"[6, 2, 0, 3]",-0.1,-0.1
"[5, 1, 1, 0]",0.0,-0.1
"[8, 4, 0, 1]",0.0,0.0
"[7, 3, 0, 2]",0.0,-0.0729
"[5, 1, 0, 3]",-0.23851,-0.19899999999999998
"[0, 8, 0, 0]",0.0,0.0
"[8, 3, 1, 3]",0.0,0.0
"[7, 2, 0, 0]",0.0,0.0
"[6, 1, 0, 1]",0.0,0.0
"[5, 0, 0, 2]",0.0,-0.24273832431362818
"[8, 6, 1, 0]",0.0,0.0
"[7, 5, 1, 1]",0.0,0.0
"[6, 4, 1, 2]",0.0,0.0
"[4, 2, 0, 0]",0.0,-0.09
"[3, 1, 0, 1]",0.0,-0.15561
"[2, 0, 0, 2]",0.0,-0.531918185697902
"[7, 5, 0, 0]",0.0,-0.131949
"[6, 4, 0, 1]",0.0,-0.131949
"[5, 3, 0, 2]",0.0,-0.16210792167108568
"[7, 1, 1, 0]",0.0,-0.1
"[8, 7, 1, 1]",0.0,0.0
"[7, 6, 1, 2]",0.0,0.0
"[6, 5, 1, 3]",0.0,0.0
"[5, 4, 0, 0]",0.0,0.0
"[4, 3, 0, 1]",0.0,0.0
"[3, 2, 0, 2]",0.0,0.0
"[2, 1, 0, 3]",-0.181,-0.11710000000000005
"[0, 0, 1, 0]",0.0,-0.5217031000000001
"[3, 8, 1, 0]",0.0,0.0
"[2, 7, 1, 1]",0.0,0.0
"[1, 6, 1, 2]",0.0,-0.1368559
"[8, 0, 1, 0]",0.0,-0.32851
"[8, 4, 0, 3]",-0.09,0.0
"[7, 3, 1, 0]",0.0,-0.09
"[6, 2, 1, 1]",0.0,-0.09
"[5, 1, 1, 2]",0.0,-0.10931818806089999
"[4, 0, 0, 0]",0.0,-0.6513215599000001
"[1, 1, 0, 3]",0.0,-0.1
"[8, 1, 0, 0]",0.0,0.0
"[7, 0, 0, 1]",0.0,-0.40951000000000004
"[6, 7, 1, 3]",0.0,-0.1
"[7, 8, 0, 1]",0.0,0.0
"[6, 7, 0, 2]",0.0,0.0
"[5, 6, 0, 3]",0.0,0.0
"[4, 5, 1, 0]",0.0,0.0
"[3, 4, 1, 1]",0.0,0.0
"[2, 3, 1, 2]",0.0,0.0
"[8, 7, 1, 2]",0.0,0.0
"[8, 4, 0, 0]",0.0,0.0
"[7, 3, 0, 1]",0.0,-0.0729
"[6, 2, 0, 2]",0.0,-0.10368000000000001
"[8, 2, 1, 0]",0.0,-0.081
"[7, 1, 1, 1]",0.0,-0.081
"[6, 8, 1, 2]",0.0,-0.1
"[4, 6, 0, 0]",0.0,0.0
"[3, 5, 0, 1]",0.0,0.0
"[2, 4, 0, 2]",0.0,-0.0007727146308
"[1, 8, 0, 3]",0.0,-0.10152340391130885
"[8, 0, 0, 0]",0.0,-0.46855900000000006
"[0, 8, 0, 2]",0.0,-0.10051860364382632
"[5, 8, 1, 2]",0.0,0.0
"[3, 6, 0, 0]",0.0,-0.09
"[2, 5, 0, 1]",0.0,-0.09
"[1, 4, 0, 2]",0.0,-0.14150879531457453
"[2, 8, 0, 2]",0.0,-0.256486411
"[1, 5, 1, 0]",0.0,0.0
"[2, 1, 0, 0]",0.0,-0.081
"[1, 0, 0, 1]",0.0,-0.271
"[8, 7, 0, 2]",0.0,0.0
"[7, 6, 0, 3]",0.0,0.0
"[6, 5, 1, 0]",0.0,0.0
"[5, 4, 1, 1]",0.0,0.0
"[4, 3, 1, 2]",0.0,0.0
"[3, 2, 1, 3]",0.0,0.0
"[1, 5, 0, 0]",0.0,-0.2539
"[0, 4, 0, 1]",0.0,-0.2539
"[3, 8, 0, 3]",0.0,-0.099
"[2, 7, 1, 0]",0.0,0.0
"[1, 6, 1, 1]",0.0,0.0
"[2, 4, 1, 0]",0.0,0.0
"[1, 3, 1, 1]",0.0,0.0
"[8, 4, 1, 1]",0.0,0.0
"[7, 3, 1, 2]",0.0,0.0
"[6, 2, 1, 3]",0.0,0.0
"[8, 5, 1, 2]",0.0,0.0
"[2, 6, 0, 1]",0.0,-0.09
"[1, 5, 0, 2]",0.0,-0.099
"[4, 8, 0, 3]",0.0,0.0
"[3, 7, 1, 0]",0.0,0.0
"[2, 6, 1, 1]",0.0,0.0
"[1, 5, 1, 2]",0.0,-0.108992129177143
"[0, 7, 0, 0]",0.0,0.0
"[6, 8, 0, 3]",0.0,0.0
"[8, 1, 1, 2]",0.0,-0.02384418810366341
"[2, 7, 0, 0]",0.0,0.0
"[1, 6, 0, 1]",0.0,0.0
"[0, 5, 0, 2]",0.0,0.0
"[6, 1, 1, 0]",0.0,0.0
"[5, 1, 0, 0]",0.0,-0.09
"[4, 0, 0, 1]",0.0,-0.19
"[5, 8, 1, 0]",0.0,0.0
"[4, 7, 1, 1]",0.0,0.0
"[3, 6, 1, 2]",0.0,0.0
"[2, 5, 1, 3]",0.0,0.0
"[7, 4, 0, 0]",0.0,0.0
"[6, 3, 0, 1]",0.0,0.0
"[5, 2, 0, 2]",0.0,-0.016200000000000003
"[1, 6, 1, 0]",0.0,-0.0729
"[8, 7, 1, 0]",0.0,0.0
"[7, 6, 1, 1]",0.0,0.0
"[6, 5, 1, 2]",0.0,0.0
"[5, 4, 1, 3]",0.0,0.0
"[4, 3, 1, 3]",0.0,0.0
"[7, 8, 1, 2]",0.0,-0.17099999999999999
"[8, 0, 0, 2]",0.0,-0.12650765893859614
"[1, 8, 0, 1]",0.0,0.0
"[0, 7, 0, 2]",0.0,-0.025749007517662383
"[4, 8, 1, 0]",0.0,0.0
"[3, 7, 1, 1]",0.0,0.0
"[2, 6, 1, 2]",0.0,0.0
"[7, 2, 1, 3]",0.0,-0.1
"[0, 8, 1, 0]",0.0,-0.19
"[3, 2, 0, 0]",0.0,-0.09
"[2, 1, 0, 1]",0.0,-0.09
"[1, 0, 0, 2]",0.0,-0.4340576878491823
"[3, 8, 0, 0]",0.0,0.0
"[2, 7, 0, 1]",0.0,0.0
"[1, 6, 0, 2]",0.0,-0.009000000000000001
"[2, 8, 1, 3]",0.0,0.0
"[5, 4, 1, 0]",0.0,-0.1
"[4, 3, 1, 1]",0.0,-0.1
"[3, 2, 1, 2]",0.0,-0.1
"[2, 1, 1, 3]",0.0,-0.015218173889999999
"[7, 6, 0, 0]",0.0,0.0
"[6, 5, 0, 1]",0.0,0.0
"[5, 4, 0, 2]",0.0,0.0
"[1, 8, 1, 1]",0.0,-0.09
"[6, 8, 1, 0]",0.0,0.0
"[5, 7, 1, 1]",0.0,0.0
"[4, 6, 1, 2]",0.0,0.0
"[2, 4, 0, 0]",0.0,0.0
"[1, 3, 0, 1]",0.0,0.0
"[0, 2, 0, 2]",0.0,-0.023140871937630272
"[8, 3, 1, 0]",0.0,0.0
"[7, 2, 1, 1]",0.0,0.0
"[6, 1, 1, 2]",0.0,-0.02868008572510875
"[4, 8, 1, 3]",0.0,0.0
"[3, 7, 0, 0]",0.0,0.0
"[7, 1, 0, 0]",0.0,0.0
"[6, 0, 0, 1]",0.0,-0.19
"[4, 2, 1, 0]",0.0,0.0
"[3, 1, 1, 1]",0.0,0.0
"[3, 8, 1, 2]",0.0,0.0
"[6, 3, 0, 0]",0.0,-0.17099999999999999
"[5, 2, 0, 1]",0.0,-0.17099999999999999
"[4, 1, 0, 2]",0.0,-0.22469661000000002
"[8, 3, 1, 2]",0.0,-0.19
"[4, 3, 0, 0]",0.0,-0.1
"[3, 2, 0, 1]",0.0,-0.1
"[8, 6, 0, 1]",0.0,-0.1
"[7, 5, 0, 2]",0.0,-0.1
"[5, 6, 0, 0]",0.0,-0.081
"[4, 5, 0, 1]",0.0,-0.081
"[3, 4, 0, 2]",0.0,-0.081
"[1, 2, 1, 0]",0.0,0.0
"[6, 1, 0, 0]",0.0,0.0
"[5, 0, 0, 1]",0.0,-0.19
"[1, 7, 0, 0]",0.0,0.0
"[0, 6, 0, 1]",0.0,0.0
"[4, 8, 1, 2]",0.0,0.0
"[3, 7, 1, 3]",0.0,0.0
"[2, 6, 0, 0]",0.0,0.0
"[1, 5, 0, 1]",0.0,0.0
"[0, 4, 0, 2]",0.0,-0.012041034763732002
"[7, 8, 1, 0]",0.0,0.0
"[6, 7, 1, 1]",0.0,0.0
"[5, 6, 1, 2]",0.0,0.0
"[3, 4, 0, 0]",0.0,0.0
"[2, 3, 0, 1]",0.0,0.0
"[1, 2, 0, 2]",0.0,-0.009000000000000001
