	switch	no_switch
9900	0.0	-0.009847709021836116
9901	0.0	-0.032344799424856296
9902	0.0	-0.32166625787286446
9903	-0.1663655618008392	-0.46990273624041
9910	0.0	-0.18449389180651643
9911	0.0	-0.2155815153644387
9912	0.0	-0.13834184064272984
9913	0.0	-0.09
8901	0.0	0.0
7902	0.0	0.0
6903	0.0	-0.1
5910	0.0	0.0
4911	0.0	-0.0729
3912	0.0	-0.0729
2913	0.0	0.0
1800	0.0	0.0
0701	0.0	0.0
9602	0.0	-0.09
9503	-0.1	-0.1
9403	-0.1	0.0
9310	0.0	-0.1
9211	0.0	-0.09
9112	0.0	-0.099
9013	-0.1	-0.181
9000	0.0	-0.40951000000000004
9701	0.0	-0.09
5903	0.0	-0.1
4903	0.0	-0.1
3903	0.0	-0.1
2903	-0.19	-0.10593179999999999
1910	0.0	-0.19
0911	0.0	-0.15389999999999998
0912	0.0	-0.15389999999999998
4913	0.0	-0.1
3913	0.0	0.0
2900	0.0	-0.081
1901	0.0	-0.081
0902	0.0	-0.11753656237854661
8910	0.0	-0.19
7911	0.0	-0.181
6912	0.0	-0.1729
5913	0.0	-0.1
3900	0.0	0.0
2901	0.0	0.0
1902	0.0	0.0
0903	-0.1	-0.11878153942997625
0910	0.0	-0.10865672100000004
8900	0.0	0.0
7901	0.0	0.0
6902	0.0	0.0
4910	0.0	0.0
3911	0.0	-0.162
2912	0.0	-0.2358
1913	0.0	-0.18
0900	0.0	0.0
9801	0.0	0.0
9702	0.0	0.0
9603	0.0	0.0
9410	0.0	-0.1
9311	0.0	-0.1
9212	0.0	-0.1
9113	0.0	-0.1081
3812	0.0	0.0
2713	0.0	0.0
1600	0.0	0.0
0501	0.0	0.0
9402	0.0	-0.162
9303	-0.1	-0.09
9210	0.0	0.0
9111	0.0	0.0
9012	0.0	0.0
8903	0.0	0.0
7910	0.0	0.0
6911	0.0	0.0
5912	0.0	0.0
4813	0.0	0.0
3700	0.0	0.0
2601	0.0	0.0
1502	0.0	0.0
0403	0.0	0.0
9203	0.0	-0.1
9103	-0.1	-0.025200000000000004
9003	-0.18	-0.29578290614069197
9803	-0.1	0.0
9710	0.0	-0.1
9611	0.0	-0.1
9512	0.0	-0.1
9413	0.0	0.0
9300	0.0	0.0
9201	0.0	0.0
9102	0.0	-0.198
8010	0.0	0.0
5813	0.0	0.0
4700	0.0	0.0
3601	0.0	0.0
2502	0.0	0.0
1403	0.0	0.0
0310	0.0	0.0
9811	0.0	0.0
9712	0.0	0.0
9613	0.0	0.0
9513	0.0	-0.09
9400	0.0	0.0
9301	0.0	0.0
9202	0.0	-0.0008100000000000002
9010	0.0	-0.261
9500	0.0	0.0
9401	0.0	0.0
9302	0.0	0.0
8110	0.0	0.0
7011	0.0	0.0
4900	0.0	0.0
3901	0.0	-0.15389999999999998
2902	0.0	-0.19197
1903	-0.12465899999999999	-0.19097815394299764
7903	0.0	0.0
6910	0.0	0.0
5911	0.0	0.0
4912	0.0	0.0
0802	0.0	0.0
1703	0.0	0.0
0610	0.0	0.0
9511	0.0	0.0
9412	0.0	0.0
8313	0.0	0.0
7213	0.0	0.0
6113	0.0	0.0
5000	0.0	-0.1
4901	0.0	-0.0729
3902	0.0	-0.18763659000000002
1911	0.0	-0.081
8913	0.0	-0.1
7913	0.0	-0.2
6900	0.0	0.0
5901	0.0	0.0
4902	0.0	0.0
2910	0.0	0.0
0913	0.0	0.0
9813	0.0	0.0
9713	0.0	0.0
9110	0.0	0.0
9011	0.0	0.0
9812	0.0	0.0
8302	0.0	0.0
7203	0.0	-0.1
6103	-0.1	-0.2
5003	-0.2	0.0
4010	0.0	-0.2
9703	0.0	0.0
9501	0.0	-0.17099999999999999
8210	0.0	-0.1
7111	0.0	-0.1
6012	0.0	-0.1
3800	0.0	0.0
2701	0.0	0.0
1602	0.0	0.0
0503	0.0	0.0
1813	0.0	0.0
0700	0.0	0.0
9601	0.0	0.0
9502	0.0	0.0
7900	0.0	0.0
6901	0.0	0.0
5902	0.0	0.0
3910	0.0	0.0
2911	0.0	0.0
1912	0.0	0.0
6913	0.0	0.0
9800	0.0	0.0
0810	0.0	-0.1
9711	0.0	-0.09
9612	0.0	-0.09
8102	0.0	0.0
7003	0.0	-0.1
5010	0.0	-0.1
1900	0.0	-0.081
0901	0.0	-0.081
9802	0.0	0.0
9610	0.0	0.0
8412	0.0	0.0
7313	0.0	0.0
6213	0.0	0.0
5113	0.0	0.0
4000	0.0	-0.1
9313	0.0	0.0
9200	0.0	0.0
9101	0.0	0.0
9002	0.0	-0.13703392478731793
8911	0.0	-0.09
7912	0.0	-0.09
0813	0.0	0.0
8011	0.0	0.0
9510	0.0	0.0
9411	0.0	0.0
9312	0.0	0.0
9213	0.0	0.0
9100	0.0	0.0
9001	0.0	-0.2
8912	0.0	-0.2
5900	0.0	0.0
9600	0.0	0.0
8203	0.0	0.0
7103	0.0	0.0
6010	0.0	0.0
8902	0.0	0.0
3813	0.0	0.0
8303	0.0	0.0
6110	0.0	0.0
5011	0.0	0.0
9810	0.0	0.0
1812	0.0	0.0
0713	0.0	0.0
1613	0.0	0.0
0513	0.0	0.0
8713	0.0	0.0
7600	0.0	0.0
6501	0.0	0.0
5402	0.0	0.0
4303	0.0	0.0
3203	0.0	0.0
2103	0.0	0.0
1010	0.0	0.0
