"[9, 9, 0, 0]",0.0,-0.3569879223105049
"[9, 9, 0, 1]",0.0,-0.3863846413358604
"[9, 9, 0, 2]",0.0,-0.5874047437784279
"[9, 9, 0, 3]",-0.1617341760428152,-0.6989296833451875
"[9, 9, 1, 0]",0.0,-0.17057546564818266
"[9, 9, 1, 1]",0.0,-0.23379129481119942
"[9, 9, 1, 2]",0.0,-0.2885767817969041
"[9, 9, 1, 3]",-0.03552324516586466,-0.4748242380340517
"[9, 8, 1, 1]",0.0,-0.14216731277442077
"[9, 7, 1, 2]",0.0,-0.2265300013853365
"[9, 6, 1, 3]",-0.04219022343748533,-0.3629651880868791
"[9, 5, 1, 3]",-0.08067681262006805,-0.2916644271439882
"[9, 4, 1, 3]",-0.14928323890421424,-0.28310085936580276
"[9, 3, 0, 0]",0.0,-0.3897464541959547
"[9, 2, 0, 1]",0.0,-0.3935587837329406
"[9, 1, 0, 2]",0.0,-1.36310668578522
"[9, 0, 0, 3]",-0.9999999999999996,-1.2101181768627578
"[9, 8, 0, 0]",0.0,-0.3015983142652357
"[9, 7, 0, 1]",0.0,-0.35229467859814617
"[9, 6, 0, 2]",0.0,-0.4668763129860386
"[9, 5, 0, 3]",-0.12863434503843243,-0.3872291434951619
"[9, 4, 1, 0]",0.0,-0.2546369707833635
"[9, 3, 1, 1]",0.0,-0.263314882412127
"[9, 2, 1, 2]",0.0,-0.3712567006840591
"[9, 1, 1, 3]",-0.19697705867928766,-0.33214524751025476
"[9, 0, 0, 0]",0.0,-0.9999999999999996
"[8, 9, 1, 2]",0.0,-0.4944040676025643
"[7, 9, 1, 3]",-0.015726879424335503,-0.2927679617572836
"[6, 8, 0, 0]",0.0,-0.10295838353262855
"[5, 7, 0, 1]",0.0,-0.17232759381261767
"[4, 6, 0, 2]",0.0,-0.3581305804280677
"[3, 5, 0, 3]",-0.1409595957017368,-0.37819472235447865
"[2, 4, 0, 3]",-0.038818481660923075,-0.3145844157759097
"[1, 3, 0, 3]",-0.05408125222395063,-0.6629459568810082
"[0, 2, 0, 3]",-0.9962428978738638,-0.5647881365883753
"[0, 1, 1, 0]",0.0,-0.9999999999999996
"[0, 0, 1, 1]",0.0,-0.9999999999999996
"[0, 0, 1, 2]",0.0,-1.8999999999999986
"[0, 0, 1, 3]",-0.9999999999999996,-1.8999999999999986
"[9, 8, 1, 3]",-0.12102927677626936,-0.3514598767789019
"[9, 7, 0, 0]",0.0,-0.27017480420637296
"[9, 6, 0, 1]",0.0,-0.32284694356919863
"[9, 5, 0, 2]",0.0,-0.44977607592666186
"[9, 4, 0, 3]",-0.0846681788919118,-0.4056551726179302
"[9, 3, 0, 3]",-0.028992669718295068,-0.30999601901886586
"[9, 2, 0, 3]",-0.037527497860798245,-0.6536755447279925
"[9, 1, 1, 0]",0.0,-0.039505930383745544
"[9, 0, 1, 1]",0.0,-0.4515071905939154
"[9, 0, 1, 2]",0.0,-0.4983119808477026
"[9, 0, 1, 3]",-0.2082092029945809,-0.541594203700767
"[9, 8, 1, 2]",0.0,-0.26792240076285545
"[9, 7, 1, 3]",-0.02160200039147441,-0.2850076212484653
"[9, 6, 0, 0]",0.0,-0.17117890202570804
"[9, 5, 0, 1]",0.0,-0.15799777395322842
"[9, 4, 0, 2]",0.0,-0.1988625733336631
"[8, 9, 1, 1]",0.0,-0.2932107459666051
"[7, 9, 1, 2]",0.0,-0.26629380812055964
"[6, 9, 1, 3]",-0.002811791733024027,-0.21850292572469873
"[5, 9, 1, 3]",-3.3295333531310472e-06,-0.12932402759685657
"[4, 9, 1, 3]",-0.04783019510066022,-0.21918856726835398
"[3, 9, 1, 3]",-0.21325622994845786,-0.5165372820879613
"[2, 9, 1, 3]",-0.043070099088318936,-0.34031049272682345
"[1, 9, 0, 0]",0.0,-0.4200227030076538
"[0, 9, 0, 1]",0.0,-0.42153428317327396
"[9, 5, 0, 0]",0.0,-0.23049069740453065
"[9, 4, 0, 1]",0.0,-0.230326409969633
"[9, 3, 0, 2]",0.0,-0.3431921383473702
"[9, 8, 0, 1]",0.0,-0.26389114251891954
"[9, 7, 0, 2]",0.0,-0.4005821078174874
"[9, 6, 0, 3]",-0.27143267327656484,-0.22372186065898808
"[9, 5, 1, 0]",0.0,-0.2815751310806553
"[9, 4, 1, 1]",0.0,-0.31549458070699743
"[8, 3, 1, 2]",0.0,-0.13472384969248896
"[7, 2, 1, 3]",-7.055898247836467e-11,-0.03524147958466524
"[6, 1, 0, 0]",0.0,-0.2153225671988883
"[5, 0, 0, 1]",0.0,-0.9999999999999996
"[4, 9, 0, 2]",0.0,-0.4879033573680919
"[3, 9, 0, 3]",-0.28526319289042423,-0.47007349717749713
"[2, 9, 0, 3]",-0.14534126706635034,-0.5528069536997027
"[1, 9, 1, 0]",0.0,-0.14899721059214788
"[0, 9, 1, 1]",0.0,-0.9999999999999996
"[0, 9, 1, 2]",0.0,-1.8999999999999986
"[0, 9, 1, 3]",-0.9999999999999996,-1.8999999999999986
"[9, 8, 1, 0]",0.0,-0.011278768434045858
"[9, 7, 1, 1]",0.0,-0.01258474696862985
"[9, 6, 1, 2]",0.0,-0.15053645022254017
"[9, 3, 1, 3]",-0.1633147148065717,-0.2361779666589826
"[9, 2, 1, 3]",-0.2153560371874356,-0.36498893486466766
"[9, 1, 0, 0]",0.0,-0.30903453774385325
"[8, 0, 0, 1]",0.0,-0.9999999999999996
"[7, 9, 0, 2]",0.0,-0.648042351530312
"[6, 9, 0, 3]",-0.34535162350608906,-0.6896711660552463
"[5, 9, 1, 0]",0.0,-0.35239837176696515
"[4, 9, 1, 1]",0.0,-0.3602796217656448
"[3, 9, 1, 2]",0.0,-0.3843579364359183
"[0, 8, 0, 1]",0.0,-0.4145975611630371
"[8, 0, 1, 3]",-0.02899162158883131,-0.592068459435866
"[7, 0, 1, 3]",-0.11648840709261243,-0.48764142281813194
"[6, 0, 1, 3]",-0.38844657084503564,-0.24975449755377005
"[5, 0, 1, 3]",-0.0018695348161795787,-0.3149661964231897
"[4, 9, 0, 0]",0.0,-0.019122959292913348
"[3, 9, 0, 1]",0.0,-0.05906832101006891
"[2, 9, 0, 2]",0.0,-0.16968491253141474
"[1, 9, 0, 3]",-0.10282548239462633,-0.6952310094914581
"[0, 8, 0, 3]",-0.9774716004550609,-0.08648680924193533
"[9, 7, 0, 3]",-0.02615820865929186,-0.33016714525821794
"[9, 6, 1, 0]",0.0,-0.049968441118426306
"[9, 5, 1, 1]",0.0,-0.17063928665480826
"[9, 4, 1, 2]",0.0,-0.28459104771278654
"[9, 2, 0, 0]",0.0,-0.41669854116137395
"[9, 1, 0, 1]",0.0,-0.40020603246813957
"[9, 0, 0, 2]",0.0,-1.203191097780537
"[9, 3, 1, 2]",0.0,-0.5717446954428167
"[9, 0, 0, 1]",0.0,-0.9999999999999996
"[9, 8, 0, 2]",0.0,-0.5546198774460072
"[8, 2, 1, 0]",0.0,-0.08131729330058238
"[7, 1, 1, 1]",0.0,-0.08131729330058238
"[6, 0, 1, 2]",0.0,-0.3870852200701713
"[4, 0, 1, 3]",-0.514149468737804,-0.2827588244099604
"[3, 9, 0, 0]",0.0,-0.19295574490288958
"[2, 9, 0, 1]",0.0,-0.2723117671418803
"[1, 9, 0, 2]",0.0,-0.7817756063495758
"[0, 9, 0, 3]",-0.9999999999999996,-0.5085825248321308
"[6, 9, 0, 0]",0.0,-0.12757662321705443
"[5, 9, 0, 1]",0.0,-0.19331240958747511
"[2, 9, 1, 0]",0.0,-0.2853302347101259
"[1, 9, 1, 1]",0.0,-0.2857365376438302
"[9, 2, 1, 0]",0.0,-0.07599679212696339
"[9, 1, 1, 1]",0.0,-0.08838762066767566
"[9, 1, 0, 3]",-0.3440616122836939,-1.2584035287903568
"[8, 0, 1, 0]",0.0,-0.685042570359312
"[7, 0, 1, 1]",0.0,-0.5486151076260158
"[1, 8, 0, 3]",-0.006461085262616551,-0.3278303136578328
"[0, 7, 0, 3]",-0.9618479575523056,-0.36469628940407256
"[8, 9, 0, 1]",0.0,-0.408329175714483
"[5, 9, 0, 3]",-0.028338508307017212,-0.5514979194898602
"[4, 9, 0, 3]",-0.09466908321891888,-0.6398979693633947
"[3, 9, 1, 0]",0.0,-0.16085607182813388
"[2, 9, 1, 1]",0.0,-0.14964472196000658
"[1, 9, 1, 2]",0.0,-1.1107540848769002
"[0, 9, 1, 0]",0.0,-0.9999999999999996
"[8, 9, 0, 2]",0.0,-0.5686405715340987
"[7, 9, 0, 3]",-0.20701478018150213,-0.6424058095538
"[4, 9, 1, 0]",0.0,-0.05526833816422454
"[3, 9, 1, 1]",0.0,-0.07308774054328689
"[2, 9, 1, 2]",0.0,-0.2552239536270711
"[1, 9, 1, 3]",-0.12225037385960268,-1.1002091051244078
"[9, 8, 0, 3]",-0.11215910502416837,-0.3242733485126297
"[9, 7, 1, 0]",0.0,-0.20220546451800347
"[9, 6, 1, 1]",0.0,-0.21898257510919916
"[9, 5, 1, 2]",0.0,-0.3326571575315541
"[9, 0, 1, 0]",0.0,-0.6612051941895593
"[0, 9, 0, 0]",0.0,-0.21245292724298562
"[8, 5, 0, 0]",0.0,-0.17897803473901835
"[7, 4, 0, 1]",0.0,-0.18138635564881206
"[6, 3, 0, 2]",0.0,-0.26816439470340103
"[5, 2, 0, 3]",-0.11146499947043981,-0.3889963581982693
"[4, 1, 1, 0]",0.0,-0.11146499947049443
"[3, 0, 1, 1]",0.0,-0.5173923121611185
"[2, 0, 1, 2]",0.0,-0.5076619323077304
"[1, 0, 1, 3]",-0.2084645512198197,-1.155860526325132
"[8, 6, 1, 2]",0.0,0.0
"[7, 5, 1, 3]",0.0,-0.010541322928928096
"[6, 4, 0, 0]",0.0,-0.16218726297213318
"[5, 3, 0, 1]",0.0,-0.20550359674646634
"[4, 2, 0, 2]",0.0,-0.4402780874780633
"[3, 1, 0, 3]",-0.12685043591684622,-1.1444768307777482
"[2, 0, 0, 3]",-0.9999999999999996,-1.2828273590786048
"[9, 4, 0, 0]",0.0,-0.17198834072251953
"[9, 3, 0, 1]",0.0,-0.19049568851508966
"[9, 2, 0, 2]",0.0,-0.4152599155991085
"[6, 9, 1, 0]",0.0,-0.2666106128179593
"[5, 9, 1, 1]",0.0,-0.26706624272751767
"[4, 9, 1, 2]",0.0,-0.3028100132685004
"[2, 9, 0, 0]",0.0,-0.2972360971516409
"[1, 9, 0, 1]",0.0,-0.3103648558120773
"[0, 9, 0, 2]",0.0,-0.5569991012074594
"[8, 1, 1, 3]",-5.651984648973744e-11,-0.24787369844049215
"[7, 0, 0, 0]",0.0,-0.9999999999999996
"[6, 9, 0, 1]",0.0,-0.15422339788006606
"[5, 9, 0, 2]",0.0,-0.29058470387843965
"[1, 8, 1, 1]",0.0,-0.2622343325943344
"[0, 7, 1, 2]",0.0,-1.8999999999999986
"[0, 6, 1, 3]",-0.9999999999999996,-1.8999999689467884
"[8, 4, 0, 1]",0.0,-0.28816528650530515
"[7, 3, 0, 2]",0.0,-0.3892810447329471
"[6, 2, 0, 3]",-0.1264930542672623,-0.6338289082560101
"[5, 1, 0, 3]",-0.4267044407136707,-1.3078243421549853
"[4, 0, 1, 0]",0.0,-0.697336339890842
"[8, 9, 0, 0]",0.0,-0.08208856394058903
"[7, 9, 0, 1]",0.0,-0.09220321799733042
"[6, 9, 0, 2]",0.0,-0.17383709539347336
"[5, 9, 0, 0]",0.0,-0.1632235072728177
"[4, 9, 0, 1]",0.0,-0.21769751269860188
"[3, 9, 0, 2]",0.0,-0.4495155169550758
"[7, 9, 0, 0]",0.0,-0.14194846470752098
"[5, 8, 0, 1]",0.0,-0.10186506552575639
"[4, 7, 0, 2]",0.0,-0.1497680318886482
"[3, 6, 0, 3]",-0.07165785577989382,-0.3590868423244173
"[2, 5, 0, 3]",-0.14211837591790788,-0.2787180597289844
"[1, 4, 0, 3]",-0.0008753604204460678,-0.5241322788063971
"[0, 3, 0, 3]",-0.9921448327887212,-0.2786468708324365
"[4, 8, 1, 1]",0.0,-0.3581772697386775
"[3, 7, 1, 2]",0.0,-0.4034589214215044
"[2, 6, 1, 3]",-0.15699780356405546,-0.3913049019878312
"[1, 5, 1, 3]",-0.05653974281324126,-0.9176874495366164
"[0, 4, 0, 0]",0.0,-0.05506429630636885
"[8, 2, 0, 2]",0.0,-0.4827837309842261
"[7, 1, 0, 3]",-0.29812659140426134,-1.2686231707802615
"[6, 0, 1, 0]",0.0,-0.6611080834909263
"[5, 0, 1, 1]",0.0,-0.4690890851654873
"[4, 0, 1, 2]",0.0,-0.48798717530022884
"[3, 0, 1, 3]",-0.13778424600669195,-0.5402227160327902
"[2, 0, 1, 3]",-0.15004170905047617,-0.4576562726408146
"[8, 9, 0, 3]",-0.25862972388801053,-0.7022712480356484
"[7, 9, 1, 0]",0.0,-0.26577701745935806
"[6, 9, 1, 1]",0.0,-0.26577896630861775
"[5, 9, 1, 2]",0.0,-0.2996345640324421
"[0, 8, 1, 2]",0.0,-1.8999999999999986
"[0, 7, 1, 3]",-0.9999999999999996,-1.8999999934169756
"[0, 5, 1, 3]",-0.9999999999999996,-1.8999999749543144
"[0, 8, 1, 1]",0.0,-0.9999999999999996
"[0, 7, 1, 0]",0.0,-0.9999999999999996
"[0, 6, 1, 1]",0.0,-0.9999999999999996
"[0, 5, 1, 2]",0.0,-1.8999999999999986
"[0, 4, 1, 3]",-0.9999999999999996,-1.8999974450055075
"[0, 3, 1, 3]",-0.9999999999999996,-1.8999999921073183
"[0, 2, 1, 3]",-0.9999999999999996,-1.899998790109848
"[0, 1, 1, 3]",-0.9999999999999996,-1.899998540271414
"[8, 9, 1, 3]",-0.03529482226226728,-0.21097847101348258
"[8, 9, 1, 0]",0.0,-0.26902463214203515
"[7, 9, 1, 1]",0.0,-0.2690248633283101
"[6, 9, 1, 2]",0.0,-0.26903446133373016
"[4, 8, 0, 0]",0.0,-0.3170995767863097
"[3, 7, 0, 1]",0.0,-0.3381620912794765
"[2, 6, 0, 2]",0.0,-0.4824414930821741
"[1, 5, 0, 3]",-0.13877931919436742,-0.43911329547687783
"[0, 4, 1, 0]",0.0,-0.9999999999999996
"[0, 3, 1, 1]",0.0,-0.9999999999999996
"[0, 2, 1, 2]",0.0,-1.8999999999999986
"[8, 2, 1, 2]",0.0,-0.11398229977394378
"[7, 1, 1, 3]",-1.7355182742274508e-20,-0.3663204177006763
"[5, 6, 0, 0]",0.0,-0.31248089723766914
"[4, 5, 0, 1]",0.0,-0.3200521302363096
"[3, 4, 0, 2]",0.0,-0.5012393238219282
"[2, 3, 0, 3]",-0.1612032195109342,-0.3074008969426044
"[1, 2, 1, 0]",0.0,-0.1612032195109342
"[0, 1, 1, 1]",0.0,-0.9999999999999996
"[4, 8, 0, 3]",-0.008318686461523174,-0.17472600799261673
"[3, 7, 0, 3]",-0.003986007860314703,-0.3710188777676416
"[2, 6, 0, 3]",-0.06121181674007796,-0.4086330971322447
"[8, 1, 0, 3]",-0.1274370242489683,-0.9832713196860254
"[7, 0, 0, 3]",-0.9999999999999996,-1.240400281837755
"[6, 1, 0, 3]",-0.24723706374896826,-1.246664228228373
"[5, 0, 0, 3]",-0.9999999999999996,-1.1978913385507832
"[8, 6, 0, 0]",0.0,-0.1385805542706398
"[7, 5, 0, 1]",0.0,-0.13893948803419573
"[6, 4, 0, 2]",0.0,-0.22681043278852003
"[5, 3, 0, 3]",-0.12688375848281858,-0.5091580750557209
"[4, 2, 1, 0]",0.0,-0.2168853322103283
"[3, 1, 1, 1]",0.0,-0.2168855676223632
"[8, 2, 0, 3]",-0.05702418717685664,-0.5522003527851514
"[7, 1, 1, 0]",0.0,-0.05702418717685664
"[6, 0, 1, 1]",0.0,-0.24078378553592653
"[5, 0, 1, 2]",0.0,-0.4747743056897638
"[4, 8, 0, 1]",0.0,-0.14204621279174148
"[3, 7, 0, 2]",0.0,-0.2008074388082863
"[5, 8, 0, 3]",-1.235576829847535e-06,-0.27436377673400286
"[4, 7, 1, 0]",0.0,-0.006766797226087056
"[3, 6, 1, 1]",0.0,-0.006791072187759647
"[2, 5, 1, 2]",0.0,-0.02749727686261915
"[1, 4, 1, 3]",-0.00837966337674659,-0.9059262065272994
"[0, 3, 0, 0]",0.0,-0.007634447587121144
"[1, 5, 1, 0]",0.0,-0.06121181674025187
"[0, 4, 1, 1]",0.0,-0.9999999999999996
"[0, 3, 1, 2]",0.0,-1.8999999999999986
"[2, 6, 1, 0]",0.0,-0.005442663387093536
"[1, 5, 1, 1]",0.0,-0.005443022192212022
"[0, 4, 1, 2]",0.0,-1.8999999999999986
"[6, 8, 1, 2]",0.0,-0.2663722153989417
"[5, 7, 1, 3]",0.0,-0.16372179246022991
"[4, 6, 0, 0]",0.0,-0.31483277286423494
"[3, 5, 0, 1]",0.0,-0.37254552961033466
"[2, 4, 0, 2]",0.0,-0.4380307654552446
"[9, 3, 1, 0]",0.0,-0.09339499958659231
"[9, 2, 1, 1]",0.0,-0.10514300994103158
"[9, 1, 1, 2]",0.0,-0.30082629843580194
"[2, 8, 1, 1]",0.0,-0.31290172747733613
"[1, 7, 1, 2]",0.0,-1.2129017274773366
"[0, 8, 1, 0]",0.0,-0.9999999999999996
"[0, 7, 1, 1]",0.0,-0.9999999999999996
"[0, 6, 1, 2]",0.0,-1.8999999999999986
"[4, 3, 0, 0]",0.0,-0.11800089371255035
"[3, 2, 0, 1]",0.0,-0.11846982506402406
"[2, 1, 0, 2]",0.0,-1.0254071225114119
"[1, 0, 0, 3]",-0.9999999999999996,-1.4353158333217475
"[0, 0, 1, 0]",0.0,-0.9999999999999996
"[7, 8, 0, 3]",-0.02777169506342686,-0.3103979755959193
"[6, 7, 0, 3]",-0.0063682150409236265,-0.30308814783901594
"[5, 6, 1, 0]",0.0,-0.0063682560096363534
"[4, 5, 1, 1]",0.0,-0.0063682560096363534
"[3, 4, 1, 2]",0.0,-0.012693624517120784
"[2, 3, 1, 3]",-0.0011298756360939213,-0.1238801526187052
"[1, 2, 0, 0]",0.0,-0.3912478475413277
"[0, 1, 0, 1]",0.0,-0.3927251354866653
"[0, 2, 1, 0]",0.0,-0.9999999999999996
"[8, 5, 0, 1]",0.0,-0.0976799289214605
"[7, 4, 0, 2]",0.0,-0.23641680322607636
"[6, 3, 0, 3]",-0.058860745699137476,-0.4407406429106669
"[4, 1, 0, 3]",-0.2811266162619367,-1.3377707331781807
"[3, 0, 0, 3]",-0.9999999999999996,-1.2220589112233817
"[2, 0, 1, 0]",0.0,-0.4388299034651829
"[1, 0, 1, 1]",0.0,-0.33968316758742007
"[7, 8, 1, 3]",0.0,-0.12018569887639648
"[6, 7, 1, 3]",0.0,-0.13425735451813148
"[5, 6, 1, 3]",0.0,-0.1805822198166906
"[4, 5, 0, 0]",0.0,-0.0752117843758213
"[3, 4, 0, 1]",0.0,-0.07521324535372223
"[2, 3, 0, 2]",0.0,-0.17785993516385143
"[1, 2, 0, 3]",-0.03830949088028014,-1.0956945901757864
"[0, 1, 0, 3]",-0.9999999999999996,-1.2349796555736663
"[8, 0, 1, 1]",0.0,-0.34135247369366617
"[7, 0, 1, 2]",0.0,-0.48646030397070594
"[8, 4, 0, 0]",0.0,-0.2951794142928807
"[7, 3, 0, 1]",0.0,-0.3645452972233819
"[6, 2, 0, 2]",0.0,-0.8316301314096265
"[8, 1, 1, 1]",0.0,-0.010930424975245281
"[2, 8, 0, 2]",0.0,-0.10409829544611007
"[1, 7, 0, 3]",-0.00043470703374904105,-0.32652803346868514
"[0, 6, 1, 0]",0.0,-0.9999999999999996
"[0, 5, 1, 1]",0.0,-0.9999999999999996
"[8, 2, 0, 0]",0.0,-0.1851245665995606
"[7, 1, 0, 1]",0.0,-0.19441027281516707
"[6, 0, 0, 2]",0.0,-1.2564666647381415
"[1, 8, 0, 1]",0.0,-0.004238577985148147
"[0, 7, 0, 2]",0.0,-0.10098388868178478
"[1, 8, 0, 0]",0.0,-0.23225769508454713
"[0, 7, 0, 1]",0.0,-0.23250269679971872
"[8, 4, 1, 0]",0.0,-0.015406946746352507
"[7, 3, 1, 1]",0.0,-0.015406946746352507
"[6, 2, 1, 2]",0.0,-0.015406946746352507
"[5, 1, 1, 3]",0.0,-0.34324952135896214
"[4, 0, 0, 0]",0.0,-0.9999999999999996
"[7, 0, 1, 0]",0.0,-0.4950665602725701
"[2, 8, 0, 3]",-1.1870033498004404e-05,-0.14213547048372
"[1, 7, 1, 0]",0.0,-0.01577322716472576
"[8, 2, 1, 1]",0.0,-0.1309892785228038
"[7, 1, 1, 2]",0.0,-0.38617500006915095
"[8, 3, 0, 3]",-0.07360062505671583,-0.31392952535991897
"[7, 2, 0, 3]",-0.1404961817458777,-0.6798015309294008
"[5, 0, 1, 0]",0.0,-0.7100078545858306
"[4, 0, 1, 1]",0.0,-0.4118054727010049
"[3, 0, 1, 2]",0.0,-0.3836486963566469
"[2, 8, 1, 0]",0.0,-0.1182437872910271
"[1, 7, 1, 1]",0.0,-0.11824378729103309
"[5, 8, 0, 0]",0.0,-0.12702111745108052
"[4, 7, 0, 1]",0.0,-0.12861940767331861
"[3, 6, 0, 2]",0.0,-0.3355269328710193
"[1, 4, 1, 0]",0.0,-0.14212998655367845
"[5, 8, 1, 3]",0.0,-0.28338215577545256
"[4, 7, 1, 3]",-3.777573900276232e-05,-0.31413015779852294
"[3, 6, 0, 0]",0.0,-0.029674403870257843
"[2, 5, 0, 1]",0.0,-0.12285610551958794
"[1, 4, 0, 2]",0.0,-0.41781541693877355
"[8, 5, 1, 2]",0.0,-4.53383491447536e-05
"[7, 4, 1, 3]",0.0,-0.016127846002366376
"[6, 3, 1, 3]",-0.10000141158163864,-0.0777466051598507
"[5, 2, 1, 3]",-0.10381520437752324,-0.025380468755525992
"[4, 1, 0, 0]",0.0,-0.2818377953466827
"[3, 0, 0, 1]",0.0,-0.9999999999999996
"[8, 5, 0, 2]",0.0,-0.3647235945930916
"[7, 4, 0, 3]",-0.11642121159345799,-0.24435594508723332
"[3, 0, 1, 0]",0.0,-0.5387092961975877
"[2, 0, 1, 1]",0.0,-0.4286860442644201
"[1, 0, 1, 2]",0.0,-1.3072420070459982
"[4, 7, 0, 3]",-0.005843438158339748,-0.33523702833466
"[2, 5, 1, 0]",0.0,-0.07165785649631214
"[1, 4, 1, 1]",0.0,-0.07165785650326013
"[4, 6, 1, 3]",-0.00011790334363013933,-0.32742219927831206
"[3, 5, 1, 3]",-0.1556100149059697,-0.20148554940549118
"[2, 4, 1, 3]",-0.09000000009702966,-0.15706403803743435
"[1, 3, 1, 3]",-0.003380360094544339,-0.9228127548455912
"[8, 1, 0, 0]",0.0,-0.05680779244241143
"[7, 0, 0, 1]",0.0,-0.9999999999999996
"[1, 8, 1, 3]",-0.03450815110085624,-1.1512637281049514
"[5, 8, 1, 1]",0.0,-0.3202432420547442
"[4, 7, 1, 2]",0.0,-0.36260935850113535
"[3, 6, 1, 3]",-0.02596859551875673,-0.18590538039370377
"[2, 5, 1, 3]",-0.04871703277805659,-0.12147907685203826
"[1, 4, 0, 0]",0.0,-0.5104001897254677
"[0, 3, 0, 1]",0.0,-0.510424864154841
"[8, 0, 1, 2]",0.0,-0.494214538520884
"[0, 8, 1, 3]",-0.9999999999999996,-1.8999987078432479
"[6, 1, 0, 2]",0.0,-1.1810398728114908
"[6, 3, 0, 1]",0.0,-0.3307803338160643
"[5, 2, 0, 2]",0.0,-0.5874727604530604
"[2, 1, 0, 3]",-0.3161164852177011,-0.8659495092649498
"[1, 0, 1, 0]",0.0,-0.7975230426110582
"[5, 1, 1, 0]",0.0,-0.1264930542672623
"[7, 8, 0, 2]",0.0,-0.34637196976303136
"[1, 2, 1, 3]",-0.07986091501677295,-0.9291756168709258
"[2, 0, 0, 0]",0.0,-0.9999999999999996
"[1, 6, 0, 1]",0.0,-0.060199369745803075
"[0, 5, 0, 2]",0.0,-0.15633064112080078
"[1, 7, 0, 0]",0.0,-0.3016924666758846
"[0, 6, 0, 1]",0.0,-0.3016925259280906
"[6, 8, 0, 3]",-4.244108707326525e-05,-0.462973917138086
"[5, 7, 1, 0]",0.0,-4.244108707326525e-05
"[4, 6, 1, 1]",0.0,-4.24410870758916e-05
"[3, 5, 1, 2]",0.0,-0.009042461432110108
"[0, 2, 0, 0]",0.0,-0.008794996051405038
"[4, 8, 0, 2]",0.0,-0.08276650543674448
"[0, 6, 0, 3]",-0.9991404955442832,-0.2909961204278988
"[0, 5, 1, 0]",0.0,-0.9999999999999996
"[8, 2, 1, 3]",-4.452030365494476e-41,-0.09712062739160446
"[6, 0, 0, 0]",0.0,-0.9999999999999996
"[6, 7, 1, 0]",0.0,-0.11900669561868393
"[5, 6, 1, 1]",0.0,-0.11904780545035454
"[4, 5, 1, 2]",0.0,-0.1664656676735961
"[3, 4, 1, 3]",-0.12147863348258206,-0.18802867506712395
"[8, 1, 1, 0]",0.0,-0.13957268418450688
"[5, 8, 1, 0]",0.0,-0.0007855470166087467
"[4, 7, 1, 1]",0.0,-0.0007864731553219263
"[3, 6, 1, 2]",0.0,-0.08687558659695256
"[8, 6, 0, 2]",0.0,-0.43308494194952407
"[7, 5, 0, 3]",-0.11275238279797448,-0.6402395376197083
"[6, 4, 1, 0]",0.0,-0.1127524157008692
"[5, 3, 1, 1]",0.0,-0.1127524157008692
"[4, 2, 1, 2]",0.0,-0.11288409117747708
"[3, 1, 1, 3]",-1.3616546231026564e-05,-0.30194607957722847
"[1, 3, 0, 0]",0.0,-0.3363619534933818
"[0, 2, 0, 1]",0.0,-0.3363619534933857
"[7, 3, 0, 0]",0.0,-0.22106747723800807
"[6, 2, 0, 1]",0.0,-0.2589694306143251
"[5, 1, 0, 2]",0.0,-1.1990889178069635
"[4, 0, 0, 3]",-0.9999999999999996,-1.2328811865183975
"[3, 7, 1, 0]",0.0,-0.031195877589236108
"[2, 6, 1, 1]",0.0,-0.07937057322129124
"[1, 5, 1, 2]",0.0,-0.9793712484067827
"[2, 5, 0, 0]",0.0,-0.31432464132484816
"[1, 4, 0, 1]",0.0,-0.3585028198498865
"[0, 3, 0, 2]",0.0,-0.49202323090476124
"[2, 8, 1, 2]",0.0,-0.11957866398834592
"[1, 7, 1, 3]",-0.0028747670374634706,-1.1166034493233084
"[0, 6, 0, 0]",0.0,-0.022918187679263943
"[4, 7, 0, 0]",0.0,-0.06287705399664838
"[3, 6, 0, 1]",0.0,-0.06311317198745688
"[2, 5, 0, 2]",0.0,-0.06877911472417501
"[0, 3, 1, 0]",0.0,-0.9999999999999996
"[0, 2, 1, 1]",0.0,-0.9999999999999996
"[0, 1, 1, 2]",0.0,-1.8999999999999986
"[5, 8, 1, 2]",0.0,-0.24788898009277188
"[1, 8, 1, 2]",0.0,-1.0922198958633609
"[7, 6, 0, 0]",0.0,-0.21844191413170289
"[6, 5, 0, 1]",0.0,-0.26606190617796066
"[5, 4, 0, 2]",0.0,-0.31402570020003356
"[4, 3, 0, 3]",-0.09742096961968556,-0.5571237422913679
"[3, 2, 1, 0]",0.0,-0.09752708376147909
"[2, 1, 1, 1]",0.0,-0.09752708376390161
"[2, 8, 0, 0]",0.0,-0.0857607563221561
"[1, 7, 0, 1]",0.0,-0.10077025828620385
"[0, 6, 0, 2]",0.0,-0.23900885912549877
"[3, 8, 0, 3]",-0.0389117353591622,-0.2966755695750086
"[2, 7, 0, 3]",-0.0028003404993125576,-0.2352744747124074
"[1, 6, 1, 0]",0.0,-0.003046843969808895
"[3, 8, 1, 1]",0.0,-0.2307386744841364
"[2, 7, 1, 2]",0.0,-0.23405131423515887
"[1, 6, 1, 3]",-0.0005991840167368558,-1.1202380668337841
"[0, 5, 0, 0]",0.0,-0.05366643839484611
"[8, 0, 0, 2]",0.0,-1.2245123951063925
"[8, 1, 0, 2]",0.0,-1.2385118786016853
"[6, 4, 0, 3]",-0.296060665028616,-0.3319819905175726
"[4, 2, 0, 3]",-0.09262735163440647,-0.4159363789565065
"[1, 6, 0, 0]",0.0,-0.40283728799974317
"[0, 5, 0, 1]",0.0,-0.4197879575036055
"[8, 5, 0, 3]",-0.1340076597494759,-0.501711470856947
"[7, 4, 1, 0]",0.0,-0.1340076597564249
"[6, 3, 1, 1]",0.0,-0.1398226334567289
"[5, 2, 1, 2]",0.0,-0.1534535199001642
"[4, 1, 1, 3]",-0.001824805040832609,-0.2434544419806368
"[3, 0, 0, 0]",0.0,-0.9999999999999996
"[8, 2, 0, 1]",0.0,-0.3195628744451048
"[7, 1, 0, 2]",0.0,-1.3455699837482562
"[6, 0, 0, 3]",-0.9999999999999996,-1.2588684219139907
"[5, 6, 0, 3]",-0.02152858195815227,-0.2712407435036184
"[4, 5, 0, 3]",-0.06644268786591935,-0.42037994948313095
"[3, 4, 0, 3]",-0.14498914285479553,-0.4708000019711762
"[2, 8, 1, 3]",-9.789102226709865e-05,-0.4511506398974114
"[1, 1, 0, 0]",0.0,-0.9999999947773104
"[0, 0, 0, 1]",0.0,-0.9999999947773104
"[8, 4, 1, 1]",0.0,-0.05660500116025849
"[7, 3, 1, 2]",0.0,-0.05724199564360329
"[6, 2, 1, 3]",-0.00011790184577738583,-0.06287704795191741
"[5, 1, 0, 0]",0.0,-0.11949167478110273
"[4, 0, 0, 1]",0.0,-0.9999999999999996
"[3, 1, 0, 2]",0.0,-1.1963799817538951
"[8, 6, 0, 1]",0.0,-0.29639669515260525
"[7, 5, 0, 2]",0.0,-0.49410629154128577
"[5, 3, 1, 0]",0.0,-0.296060665913083
"[4, 2, 1, 1]",0.0,-0.2960624086064641
"[3, 1, 1, 2]",0.0,-0.44300626039835
"[5, 2, 1, 0]",0.0,-0.058860927293899606
"[4, 1, 1, 1]",0.0,-0.05886092729389972
"[8, 4, 0, 3]",-0.11804034747581145,-0.4800922351798948
"[7, 3, 1, 0]",0.0,-0.11804048648426382
"[6, 2, 1, 1]",0.0,-0.11804048648426382
"[5, 1, 1, 2]",0.0,-0.3875207467719443
"[4, 2, 0, 0]",0.0,-0.31921430819191465
"[3, 1, 0, 1]",0.0,-0.3703551285279587
"[2, 0, 0, 2]",0.0,-1.3639985009930384
"[6, 8, 1, 0]",0.0,-0.007178979876919512
"[5, 7, 1, 1]",0.0,-0.007178979914414322
"[4, 6, 1, 2]",0.0,-0.22503571971786257
"[2, 6, 0, 0]",0.0,-0.1237600845987254
"[1, 5, 0, 1]",0.0,-0.16598868654642865
"[0, 4, 0, 2]",0.0,-0.29280669119078023
"[7, 2, 1, 0]",0.0,-0.07638197543846462
"[6, 1, 1, 1]",0.0,-0.07638197543846462
"[3, 8, 0, 1]",0.0,-0.023579168105534374
"[2, 7, 0, 2]",0.0,-0.058041971784997766
"[1, 6, 0, 3]",-0.008739233023185002,-0.5578317518032743
"[8, 6, 1, 0]",0.0,-0.10845681919055197
"[7, 5, 1, 1]",0.0,-0.10845681919055197
"[6, 4, 1, 2]",0.0,-0.10848537960670994
"[5, 3, 1, 3]",-0.10000295126654307,-0.08829802385420286
"[4, 2, 1, 3]",-0.010479800530689014,-0.17778902932076662
"[6, 4, 1, 3]",-1.210760034929016e-16,-0.04360400713458915
"[1, 3, 1, 0]",0.0,-0.0388184816856792
"[0, 7, 0, 0]",0.0,-0.03767943646707962
"[8, 7, 1, 3]",0.0,-0.14304672100000002
"[7, 6, 1, 3]",0.0,-0.1260340025481
"[6, 5, 1, 3]",0.0,0.0
"[5, 4, 1, 3]",0.0,-0.01840342055625074
"[4, 3, 1, 3]",-0.006875810346433432,-0.1343848687165424
"[3, 2, 1, 3]",-0.0005187003281737006,-0.11938810608321726
"[2, 1, 0, 0]",0.0,-0.16231538507867882
"[1, 0, 0, 1]",0.0,-0.9999999999999996
"[3, 8, 1, 3]",-0.0006467181525710981,-0.22992641512631792
"[2, 7, 1, 3]",-0.07297112458109803,-0.3288921610389025
"[7, 1, 0, 0]",0.0,-0.0676336306884115
"[6, 0, 0, 1]",0.0,-0.9999999999999996
"[1, 5, 0, 0]",0.0,-0.4915329704942774
"[0, 4, 0, 1]",0.0,-0.49153302302294755
"[1, 0, 0, 0]",0.0,-0.9999999999999996
"[8, 3, 0, 2]",0.0,-0.31659880635425486
"[6, 1, 1, 0]",0.0,-0.1404961817458777
"[8, 7, 0, 3]",-0.0073413770782031025,-0.3501964403746314
"[7, 6, 0, 3]",-0.06120620278949869,-0.4724258754341519
"[6, 5, 0, 3]",-0.1241056228952289,-0.5466013215927841
"[5, 4, 1, 0]",0.0,-0.12410562525658277
"[4, 3, 1, 1]",0.0,-0.12410562525658277
"[3, 2, 1, 2]",0.0,-0.12505934195775514
"[2, 1, 1, 3]",-0.000146141477360328,-0.358571292216018
"[0, 8, 0, 2]",0.0,-0.12381306751397617
"[8, 1, 0, 1]",0.0,-0.3330704448303669
"[7, 0, 0, 2]",0.0,-1.2803278298366478
"[5, 2, 0, 0]",0.0,-0.1651496304615643
"[4, 1, 0, 1]",0.0,-0.16572819315878096
"[3, 0, 0, 2]",0.0,-1.1757059726572554
"[5, 3, 0, 0]",0.0,-0.21398734800871883
"[4, 2, 0, 1]",0.0,-0.2140369120361398
"[8, 0, 0, 3]",-0.9999999999999996,-1.225063563733723
"[1, 8, 1, 0]",0.0,-0.004239115834074462
"[2, 8, 0, 1]",0.0,-0.1762577614838495
"[1, 7, 0, 2]",0.0,-0.43289526677102125
"[2, 4, 0, 0]",0.0,-0.3893557509821633
"[1, 3, 0, 1]",0.0,-0.4804594831127545
"[0, 2, 0, 2]",0.0,-0.7556147223112719
"[8, 5, 1, 0]",0.0,-0.04852051554336826
"[7, 4, 1, 1]",0.0,-0.04852051554336826
"[6, 3, 1, 2]",0.0,-0.08009587541314536
"[6, 8, 1, 3]",0.0,-0.09767718169966658
"[4, 8, 1, 0]",0.0,-0.056065793314561026
"[3, 7, 1, 1]",0.0,-0.05809335077230305
"[2, 6, 1, 2]",0.0,-0.13634734650241118
"[7, 3, 0, 3]",-0.0814270306598149,-0.39593682852261547
"[8, 3, 1, 0]",0.0,-0.24612526670693444
"[7, 2, 1, 1]",0.0,-0.24612526670693444
"[6, 1, 1, 2]",0.0,-0.33074647143538605
"[7, 6, 1, 0]",0.0,-0.008214720310660568
"[6, 5, 1, 1]",0.0,-0.008214720310692794
"[5, 4, 1, 2]",0.0,-0.03272449396647429
"[8, 3, 0, 1]",0.0,-0.4147832998437221
"[7, 2, 0, 2]",0.0,-0.742984128960041
"[8, 6, 0, 3]",-0.02073603721901192,-0.3588492698127502
"[1, 8, 0, 2]",0.0,-0.4858927991307671
"[2, 4, 1, 0]",0.0,-0.23095959574804426
"[1, 3, 1, 1]",0.0,-0.23095959574804426
"[8, 3, 0, 0]",0.0,-0.17939777563125592
"[7, 2, 0, 1]",0.0,-0.18907220120111506
"[5, 0, 0, 0]",0.0,-0.9999999999999996
"[8, 4, 1, 3]",0.0,-0.010941898913151235
"[3, 8, 0, 0]",0.0,-0.18084040236571133
"[2, 7, 0, 1]",0.0,-0.2030229733053555
"[1, 6, 0, 2]",0.0,-0.5986170032576339
"[0, 5, 0, 3]",-0.9476652366972639,-0.31273971633915937
"[6, 3, 1, 0]",0.0,-0.20634822341681447
"[5, 2, 1, 1]",0.0,-0.20634822341681447
"[4, 1, 1, 2]",0.0,-0.4115191500045444
"[6, 1, 1, 3]",-4.630243089327105e-11,-0.17310595152405653
"[8, 4, 0, 2]",0.0,-0.4633759796093081
"[6, 2, 1, 0]",0.0,-0.08167353413031068
"[5, 1, 1, 1]",0.0,-0.11307052053039925
"[0, 4, 0, 3]",-0.9972610725500466,-0.465732491018482
"[7, 8, 1, 1]",0.0,-0.24538074244640162
"[6, 7, 1, 2]",0.0,-0.24538074244640162
"[4, 5, 1, 3]",-0.025418658283290006,-0.12210166087775606
"[3, 4, 0, 0]",0.0,-0.22657819119578684
"[2, 3, 0, 1]",0.0,-0.22682080794531362
"[1, 2, 0, 2]",0.0,-1.1810034690056481
"[2, 7, 1, 0]",0.0,-0.03891202637215199
"[1, 6, 1, 1]",0.0,-0.038912026372152006
"[8, 6, 1, 3]",0.0,-0.15074386370754922
"[3, 1, 0, 0]",0.0,-0.11375523763027709
"[2, 0, 0, 1]",0.0,-0.9999999999999996
"[4, 5, 1, 0]",0.0,-0.02152858195815227
"[3, 4, 1, 1]",0.0,-0.08057758196440512
"[2, 3, 1, 2]",0.0,-0.14392960608374303
"[5, 8, 0, 2]",0.0,-0.08279881416107523
"[8, 3, 1, 3]",0.0,-0.04890588679284134
"[7, 8, 0, 1]",0.0,-0.2725718855401833
"[6, 7, 0, 2]",0.0,-0.32053235577922073
"[0, 1, 0, 0]",0.0,-0.07986093128007934
"[3, 5, 0, 0]",0.0,-0.15528295927678257
"[2, 4, 0, 1]",0.0,-0.1948625215351984
"[1, 3, 0, 2]",0.0,-0.7958107723469388
"[7, 5, 0, 0]",0.0,-0.10083891838164633
"[6, 4, 0, 1]",0.0,-0.1664496234097336
"[5, 3, 0, 2]",0.0,-0.2731570094008069
"[3, 1, 1, 0]",0.0,-0.09265162657890962
"[6, 8, 1, 1]",0.0,-0.5795413173014139
"[5, 7, 1, 2]",0.0,-0.5801663600263813
"[8, 1, 1, 2]",0.0,-0.2288678836413237
"[3, 8, 1, 2]",0.0,-0.25136556388265646
"[7, 2, 0, 0]",0.0,-0.07460840481277663
"[6, 1, 0, 1]",0.0,-0.22079422761660783
"[5, 0, 0, 2]",0.0,-1.2200758520575836
"[4, 6, 0, 3]",-0.12157965189570961,-0.3208960991206514
"[8, 7, 1, 1]",0.0,0.0
"[7, 6, 1, 2]",0.0,0.0
"[5, 4, 0, 0]",0.0,-0.19619054324561935
"[4, 3, 0, 1]",0.0,-0.19632030821741708
"[3, 2, 0, 2]",0.0,-0.549955955937476
"[0, 8, 0, 0]",0.0,-0.07166900634672205
"[8, 4, 1, 2]",0.0,-0.002512633887282123
"[7, 3, 1, 3]",0.0,-0.01503853921138867
"[6, 2, 0, 0]",0.0,-0.18358991051105755
"[5, 1, 0, 1]",0.0,-0.1836101881131405
"[4, 0, 0, 2]",0.0,-1.2158805270811957
"[7, 8, 1, 0]",0.0,-0.016677181699666577
"[6, 7, 1, 1]",0.0,-0.016677181721806156
"[5, 6, 1, 2]",0.0,-0.05216874497869697
"[8, 5, 1, 3]",0.0,-0.020589113209464903
"[6, 3, 0, 0]",0.0,-0.14966288648660225
"[5, 2, 0, 1]",0.0,-0.1714863154276397
"[4, 1, 0, 2]",0.0,-1.1302917797677838
"[3, 2, 0, 3]",-0.09129746352380716,-0.6552436453919274
"[7, 4, 0, 0]",0.0,-0.25914100280828406
"[4, 8, 1, 2]",0.0,-0.6832591186970715
"[3, 7, 1, 3]",-0.030581958387545828,-0.40871370992100975
"[8, 5, 1, 1]",0.0,-0.15738194882395248
"[7, 4, 1, 2]",0.0,-0.15739847677362678
"[2, 7, 0, 0]",0.0,-0.060083241714248385
"[8, 0, 0, 0]",0.0,-0.9999999999999996
"[8, 3, 1, 1]",0.0,-0.052238509708033586
"[7, 2, 1, 2]",0.0,-0.05223851080343882
"[8, 7, 0, 2]",0.0,-0.4957707464464792
"[5, 4, 0, 3]",-0.10956798961912323,-0.6629254065828765
"[4, 3, 1, 0]",0.0,-0.10957416896576488
"[3, 2, 1, 1]",0.0,-0.10957416896576488
"[2, 1, 1, 2]",0.0,-0.23184749371065705
"[6, 8, 0, 2]",0.0,-0.20383845553937147
"[5, 7, 0, 3]",-0.012858117126941055,-0.22928410638049668
"[4, 6, 1, 0]",0.0,-0.016175081586873138
"[3, 5, 1, 1]",0.0,-0.016175081586874362
"[2, 4, 1, 2]",0.0,-0.028452909470856044
"[6, 7, 0, 0]",0.0,-0.19772262884124164
"[5, 6, 0, 1]",0.0,-0.19871814141112526
"[4, 5, 0, 2]",0.0,-0.3856491890814627
"[2, 3, 1, 0]",0.0,-0.1451201449056593
"[1, 2, 1, 1]",0.0,-0.1451201449056593
"[3, 6, 1, 0]",0.0,-0.005843956270374356
"[2, 5, 1, 1]",0.0,-0.05488030239950193
"[1, 4, 1, 2]",0.0,-0.9548887665492843
"[8, 7, 0, 0]",0.0,-0.19667976795206707
"[7, 6, 0, 1]",0.0,-0.20072378269446578
"[6, 5, 0, 2]",0.0,-0.23492760706513632
"[2, 1, 1, 0]",0.0,-0.09164605270583048
"[7, 8, 1, 2]",0.0,-0.34289711204872986
"[6, 8, 0, 1]",0.0,-0.04646831357591343
"[5, 7, 0, 2]",0.0,-0.2944462283368874
"[3, 5, 1, 0]",0.0,-0.14700771479051533
"[2, 4, 1, 1]",0.0,-0.14700771479461847
"[1, 3, 1, 2]",0.0,-1.049788998689055
"[3, 2, 0, 0]",0.0,-0.2521611029849554
"[2, 1, 0, 1]",0.0,-0.31195118063228144
"[1, 0, 0, 2]",0.0,-1.5838553228307408
"[8, 6, 1, 1]",0.0,-0.00046383978663636473
"[7, 5, 1, 2]",0.0,-0.000463839786640685
"[3, 7, 0, 0]",0.0,-0.23634419205674995
"[2, 6, 0, 1]",0.0,-0.3243331194491229
"[1, 5, 0, 2]",0.0,-0.6387531604430651
"[4, 6, 0, 1]",0.0,-0.06373009575857558
"[3, 5, 0, 2]",0.0,-0.15493565000441423
"[8, 7, 1, 0]",0.0,-1.1617984714950344e-05
"[7, 6, 1, 1]",0.0,-1.1617984714950344e-05
"[6, 5, 1, 2]",0.0,-1.1617984714950344e-05
"[6, 5, 1, 0]",0.0,-0.06120620278949869
"[5, 4, 1, 1]",0.0,-0.06120620278949869
"[4, 3, 1, 2]",0.0,-0.06384655836390069
"[3, 8, 1, 0]",0.0,-0.1347042526321425
"[2, 7, 1, 1]",0.0,-0.13470425263219163
"[1, 6, 1, 2]",0.0,-1.0389434223162184
"[7, 8, 0, 0]",0.0,-0.17517662949590396
"[6, 7, 0, 1]",0.0,-0.17709832680777376
"[5, 6, 0, 2]",0.0,-0.2870494299217881
"[3, 4, 1, 0]",0.0,-0.12390545616411802
"[2, 3, 1, 1]",0.0,-0.12390545618625762
"[1, 2, 1, 2]",0.0,-1.0239054773822394
"[7, 5, 1, 0]",0.0,-0.02073603721901192
"[6, 4, 1, 1]",0.0,-0.022560837582154568
"[5, 3, 1, 2]",0.0,-0.04924122331876859
"[2, 3, 0, 0]",0.0,-0.18870925312709563
"[1, 2, 0, 1]",0.0,-0.22490664560442564
"[0, 1, 0, 2]",0.0,-1.253035967424246
"[8, 7, 1, 2]",0.0,-0.11529357897432446
"[4, 8, 1, 3]",-2.4274944503162318e-05,-0.28324796855530054
"[3, 8, 0, 2]",0.0,-0.10009260077186793
"[5, 7, 0, 0]",0.0,-0.049209572443156116
"[6, 5, 0, 0]",0.0,-0.10335609910194754
"[5, 4, 0, 1]",0.0,-0.11285819476131345
"[4, 3, 0, 2]",0.0,-0.2691182865169718
"[1, 1, 0, 3]",-0.997534965295042,-1.2095928287811846
"[0, 0, 0, 3]",-0.9618479575523056,-0.999264131722198
"[8, 7, 0, 1]",0.0,-0.2795681293972533
"[7, 6, 0, 2]",0.0,-0.40240191656757407
"[1, 1, 0, 1]",0.0,-0.612579511
"[0, 0, 0, 2]",0.0,-0.7146359964972228
"[1, 1, 0, 2]",0.0,-1.7385913136721949
