"[9, 9, 0, 3]",-0.21839717330916142,-0.8586183384070248
"[9, 9, 1, 0]",0.0,-0.23629603582150716
"[9, 9, 1, 1]",0.0,-0.26802914006253364
"[9, 9, 1, 2]",0.0,-0.46016878588739485
"[9, 9, 1, 3]",-0.1022020940203576,-0.61913792933156
"[9, 9, 0, 0]",0.0,-0.15771967773261591
"[9, 9, 0, 1]",0.0,-0.1798328041122517
"[9, 9, 0, 2]",0.0,-0.5125716415619467
"[9, 8, 0, 2]",0.0,-0.33973501980370574
"[9, 7, 0, 3]",-0.1509745551827143,-0.5760319958774148
"[9, 6, 1, 0]",0.0,-0.15678957799953974
"[9, 5, 1, 1]",0.0,-0.17182996874402356
"[9, 4, 1, 2]",0.0,-0.37102491679812155
"[9, 3, 1, 3]",-0.10714506143765631,-0.40745775448626587
"[9, 2, 0, 0]",0.0,-0.30105429263744
"[9, 1, 0, 1]",0.0,-0.5340791770451347
"[8, 0, 0, 2]",0.0,-1.600677369517607
"[7, 9, 0, 3]",-0.26114790195811516,-0.6236009777492607
"[6, 9, 1, 0]",0.0,-0.27317390957793464
"[5, 9, 1, 1]",0.0,-0.272010565925231
"[4, 9, 1, 2]",0.0,-0.20756196430875096
"[3, 9, 1, 3]",-1.9086515234040774e-08,-0.5685812053689062
"[2, 9, 0, 0]",0.0,-0.25936206810588885
"[1, 9, 0, 1]",0.0,-0.287686383233425
"[0, 9, 0, 2]",0.0,-0.48078177285313833
"[9, 8, 0, 0]",0.0,-0.5219452570426868
"[9, 7, 0, 1]",0.0,-0.5051172834923386
"[9, 6, 0, 2]",0.0,-0.5407764579833466
"[9, 5, 0, 3]",-0.027456017011782546,-0.7546969668543869
"[9, 4, 1, 0]",0.0,-0.0559763014298591
"[9, 3, 1, 1]",0.0,-0.05710328576701032
"[9, 2, 1, 2]",0.0,-0.27871927542363384
"[9, 1, 1, 3]",-0.17470360513034208,-0.4256644769612893
"[9, 0, 0, 0]",0.0,-1.3874016093921582
"[9, 8, 0, 3]",-0.12020945416642641,-0.4892235767369632
"[9, 7, 1, 0]",0.0,-0.12022562099240627
"[9, 6, 1, 1]",0.0,-0.10006748773890237
"[9, 5, 1, 2]",0.0,-0.2133510406922741
"[9, 4, 1, 3]",-0.05236263440010968,-0.29457860631077315
"[9, 3, 0, 0]",0.0,-0.3433764298837562
"[9, 2, 0, 1]",0.0,-0.3582615685688999
"[9, 1, 0, 2]",0.0,-1.6780632273452654
"[9, 0, 0, 3]",-1.1733897545894203,-1.871950088346729
"[9, 2, 1, 3]",-0.2598208736855844,-0.5232580670654066
"[9, 1, 0, 0]",0.0,-0.3574592651107273
"[9, 0, 0, 1]",0.0,-1.4097747813711308
"[9, 0, 1, 0]",0.0,-1.0538006586319577
"[9, 0, 1, 1]",0.0,-0.9298017198623628
"[9, 0, 1, 2]",0.0,-0.9783990319247426
"[9, 0, 1, 3]",-0.07375962481552206,-0.7917137549530412
"[8, 5, 0, 3]",-0.36412646075576205,-0.5380674207506371
"[7, 4, 0, 3]",-0.22877283759320008,-0.6174610518337039
"[6, 3, 0, 3]",-0.0963983805798046,-0.44079397949293353
"[5, 2, 0, 3]",-0.0870227936131739,-0.2727030505292623
"[4, 1, 1, 0]",0.0,-0.16149573173282641
"[3, 0, 1, 1]",0.0,-0.7717457487186044
"[2, 0, 1, 2]",0.0,-0.9090565001339175
"[1, 0, 1, 3]",-0.08378570304845981,-1.3968927065629466
"[0, 9, 0, 0]",0.0,-0.0025465736907634923
"[8, 9, 0, 0]",0.0,-0.20899872980785095
"[7, 9, 0, 1]",0.0,-0.282884402609245
"[6, 9, 0, 2]",0.0,-0.5455782582072216
"[5, 9, 0, 3]",-0.25813577615124705,-0.5945213083935091
"[4, 9, 1, 0]",0.0,-0.2799276524565778
"[3, 9, 1, 1]",0.0,-0.23697240906648936
"[2, 9, 1, 2]",0.0,-0.3749374237060604
"[1, 9, 1, 3]",-0.06543531702815804,-1.2594446513061968
"[0, 9, 1, 3]",-1.1431276416377714,-2.507665934686469
"[1, 9, 0, 0]",0.0,-0.6496985839021552
"[0, 9, 0, 1]",0.0,-0.6213824467039643
"[9, 6, 0, 3]",-0.40992341052029874,-0.5441502474486313
"[9, 5, 1, 0]",0.0,-0.4099332780967914
"[9, 4, 1, 1]",0.0,-0.3451153562039853
"[9, 3, 1, 2]",0.0,-0.5635702013968035
"[9, 0, 0, 2]",0.0,-1.798299732211131
"[9, 1, 0, 3]",-0.829055498025628,-1.6517248750906264
"[9, 8, 1, 0]",0.0,-0.035346289863743656
"[9, 7, 1, 1]",0.0,-0.03583902567977001
"[9, 6, 1, 2]",0.0,-0.3476113309820236
"[9, 5, 1, 3]",-0.13599083579016744,-0.36426690254901173
"[9, 4, 0, 0]",0.0,-0.3264613270006166
"[9, 3, 0, 1]",0.0,-0.4103792943158831
"[8, 2, 0, 2]",0.0,-0.8726025172526796
"[7, 1, 0, 3]",-0.5653962520971658,-1.1448271700456218
"[6, 0, 1, 0]",0.0,-0.6773435045507535
"[5, 0, 1, 1]",0.0,-0.523543858184353
"[4, 0, 1, 2]",0.0,-0.5115133628885501
"[3, 0, 1, 3]",-0.1011285858956594,-0.5290515121574656
"[8, 4, 1, 2]",0.0,-0.016206715047956115
"[7, 3, 1, 3]",0.0,-0.0531441
"[6, 2, 0, 0]",0.0,-0.04478652447675614
"[5, 1, 0, 1]",0.0,-0.20803804182205332
"[4, 0, 0, 2]",0.0,-1.3954202530346849
"[3, 9, 0, 3]",-0.38719140800660845,-0.6446284065289422
"[2, 9, 1, 0]",0.0,-0.4365538127427777
"[1, 9, 1, 1]",0.0,-0.42630733108643254
"[0, 9, 1, 2]",0.0,-2.4806489065231787
"[8, 9, 0, 3]",-0.14449808366309572,-0.8783754327067579
"[6, 9, 0, 3]",-0.27113126262127707,-0.8949034038153091
"[1, 8, 1, 3]",-0.18551500540966165,-0.4976610402298081
"[0, 7, 1, 3]",-1.0701916774932065,-2.3771240546979207
"[9, 6, 0, 0]",0.0,-0.4527422452816831
"[9, 5, 0, 1]",0.0,-0.4416551262874659
"[9, 4, 0, 2]",0.0,-0.6063362656164424
"[9, 3, 0, 3]",-0.20758827339343444,-0.4237149583008858
"[9, 2, 1, 0]",0.0,-0.17495801746644898
"[9, 1, 1, 1]",0.0,-0.176150473154422
"[8, 9, 0, 1]",0.0,-0.43742247723004685
"[7, 9, 0, 2]",0.0,-0.718168315883953
"[5, 9, 1, 0]",0.0,-0.2718001332122124
"[4, 9, 1, 1]",0.0,-0.27832489618484635
"[3, 9, 1, 2]",0.0,-0.3110978403172625
"[2, 9, 1, 3]",-0.010827856902787786,-0.5647745840298364
"[9, 8, 1, 2]",0.0,-0.5969871431412619
"[9, 7, 1, 3]",-0.3111867992709624,-0.5917479850115575
"[9, 6, 1, 3]",-0.10878046885889163,-0.4407753596775809
"[9, 5, 0, 0]",0.0,-0.37081283572475965
"[9, 4, 0, 1]",0.0,-0.3172791747747668
"[9, 3, 0, 2]",0.0,-0.4699679350155886
"[9, 2, 0, 3]",-0.09678488766191605,-0.5906614256811961
"[9, 1, 1, 0]",0.0,-0.10563300332259576
"[8, 6, 0, 0]",0.0,-0.22225515741208485
"[7, 5, 0, 1]",0.0,-0.2015848333541484
"[6, 4, 0, 2]",0.0,-0.4303294746575081
"[5, 3, 0, 3]",-0.30193528502620415,-0.24255537252104864
"[4, 2, 1, 0]",0.0,-0.30193528502620415
"[3, 1, 1, 1]",0.0,-0.30193528502620415
"[8, 9, 0, 2]",0.0,-0.47801642222277335
"[6, 3, 1, 0]",0.0,-0.22877283759320008
"[5, 2, 1, 1]",0.0,-0.22877283759320008
"[4, 1, 1, 2]",0.0,-0.5007788856350536
"[2, 0, 1, 3]",-0.3052112702583174,-0.8508903140645366
"[8, 9, 1, 1]",0.0,-0.31601054466448997
"[7, 9, 1, 2]",0.0,-0.36477962559829363
"[6, 9, 1, 3]",-0.05402218972681932,-0.25740915278331505
"[5, 9, 1, 3]",-1.1610641293487388e-05,-0.3901382507068084
"[4, 9, 1, 3]",-0.0009043713811163373,-0.1783402107159342
"[9, 2, 0, 2]",0.0,-0.9377979223695714
"[9, 8, 1, 1]",0.0,-0.2677983127061098
"[9, 7, 1, 2]",0.0,-0.3929423992178721
"[8, 9, 1, 2]",0.0,-0.3529052913926465
"[7, 9, 1, 3]",-0.1589145650437443,-0.22874770428740182
"[5, 9, 0, 0]",0.0,-0.33156838115331644
"[4, 9, 0, 1]",0.0,-0.35037179265457247
"[3, 9, 0, 2]",0.0,-0.8595825776899758
"[2, 9, 0, 3]",-0.48376690450557747,-0.9325679972517935
"[1, 9, 1, 0]",0.0,-0.5669623046549352
"[0, 9, 1, 1]",0.0,-1.4158799533437394
"[8, 6, 0, 2]",0.0,-0.3961994441157085
"[7, 5, 0, 3]",-0.16667275159806222,-0.322813896827718
"[6, 4, 0, 3]",-0.10560362831634507,-0.5947928082748604
"[5, 3, 1, 0]",0.0,-0.10560362831634507
"[4, 2, 1, 1]",0.0,-0.12413383020486345
"[3, 1, 1, 2]",0.0,-0.32445379118944606
"[3, 8, 1, 1]",0.0,-0.3161091478630689
"[2, 7, 1, 2]",0.0,-0.3479956078630688
"[1, 6, 1, 3]",-0.0531441,-0.3949820284915397
"[0, 5, 1, 3]",-1.2094183943077377,-2.131746627951603
"[8, 0, 1, 3]",-0.24083695712058711,-0.7358340536264835
"[7, 0, 1, 3]",-0.2920681644034653,-0.6227097095587918
"[6, 9, 0, 0]",0.0,-0.34799935799589554
"[5, 9, 0, 1]",0.0,-0.392921710825747
"[4, 9, 0, 2]",0.0,-0.8112413471972306
"[3, 8, 0, 3]",0.0,-0.13285269610066194
"[2, 7, 1, 0]",0.0,0.0
"[1, 6, 1, 1]",0.0,0.0
"[0, 5, 1, 2]",0.0,-2.194648991188866
"[0, 4, 1, 3]",-1.141902486235262,-2.0281445295096896
"[8, 0, 0, 3]",-1.2285461518899603,-1.694594004492069
"[7, 0, 1, 0]",0.0,-0.5488030021587218
"[6, 0, 1, 1]",0.0,-0.4060711063879425
"[5, 0, 1, 2]",0.0,-0.574725222676624
"[4, 0, 1, 3]",-0.15375456653038727,-0.6068924096116222
"[3, 9, 0, 0]",0.0,-0.30935067646787995
"[2, 9, 0, 1]",0.0,-0.32915799523981076
"[1, 9, 0, 2]",0.0,-0.9987907816070405
"[0, 9, 0, 3]",-1.060765294303985,-0.6683994529214983
"[7, 9, 1, 0]",0.0,-0.16132403066039624
"[6, 9, 1, 1]",0.0,-0.161735312562062
"[5, 9, 1, 2]",0.0,-0.1682637374570885
"[1, 8, 0, 2]",0.0,-0.31895885459464984
"[0, 7, 0, 3]",-0.468559,-0.2510595814130226
"[0, 6, 1, 0]",0.0,-1.029082382562972
"[0, 5, 1, 1]",0.0,-1.1022321469548861
"[0, 4, 1, 2]",0.0,-2.054635043373214
"[0, 3, 1, 3]",-1.2109586469378384,-1.9353099232699276
"[0, 2, 1, 3]",-1.0269081972112832,-1.8494070606880897
"[0, 1, 1, 3]",-1.139681600987892,-1.8638494828420185
"[0, 9, 1, 0]",0.0,-1.2096003927309695
"[5, 8, 0, 1]",0.0,-0.11462272044032491
"[4, 7, 0, 2]",0.0,-0.3296172381271411
"[3, 6, 0, 3]",-0.18602105745305209,-0.4172183612876475
"[2, 5, 1, 0]",0.0,-0.18602105745305209
"[1, 4, 1, 1]",0.0,-0.18602105745305209
"[0, 3, 1, 2]",0.0,-2.090022215388962
"[9, 8, 1, 3]",-0.17710004129099896,-0.535936626524646
"[9, 7, 0, 0]",0.0,-0.37987063640797913
"[9, 6, 0, 1]",0.0,-0.343373836566653
"[9, 5, 0, 2]",0.0,-0.5162292321774963
"[9, 4, 0, 3]",-0.033730452849148614,-0.4129195597300383
"[9, 3, 1, 0]",0.0,-0.05606954420761015
"[9, 2, 1, 1]",0.0,-0.07094978689523289
"[9, 1, 1, 2]",0.0,-0.35726364290600476
"[2, 8, 1, 2]",0.0,-0.26077341016260075
"[1, 7, 1, 3]",-0.08102684822485891,-1.119854190276197
"[0, 6, 0, 0]",0.0,-0.08116759721899827
"[8, 0, 1, 0]",0.0,-0.9493184856652704
"[7, 0, 1, 1]",0.0,-0.6653318204466471
"[6, 0, 1, 2]",0.0,-0.6343232116150178
"[5, 0, 1, 3]",-0.1139450419862266,-0.5292660786198404
"[4, 9, 0, 0]",0.0,-0.12281062856404767
"[3, 9, 0, 1]",0.0,-0.1330831586793887
"[2, 9, 0, 2]",0.0,-0.3530581151388871
"[1, 9, 0, 3]",-0.2007149520308435,-0.752295005913978
"[8, 9, 1, 3]",-9.55202461533181e-05,-0.4492444677500878
"[7, 9, 0, 0]",0.0,-0.15743239393978078
"[6, 9, 0, 1]",0.0,-0.20431060635318984
"[5, 9, 0, 2]",0.0,-0.3930270901897003
"[4, 9, 0, 3]",-0.12458374733458838,-0.7327914885265252
"[3, 9, 1, 0]",0.0,-0.14957876997582956
"[2, 9, 1, 1]",0.0,-0.1690239135194308
"[1, 9, 1, 2]",0.0,-1.270651063247691
"[1, 8, 0, 3]",-0.04049733935091542,-0.24745499955039624
"[0, 7, 1, 0]",0.0,-1.0356802633295656
"[0, 6, 1, 1]",0.0,-1.0649689454531592
"[8, 4, 0, 2]",0.0,-0.43743582170507755
"[7, 3, 0, 3]",-0.07936518845011949,-0.4559484907876261
"[6, 2, 0, 3]",-0.12674056222546373,-0.6529313390556968
"[5, 1, 1, 0]",0.0,-0.12674056222546373
"[4, 0, 1, 1]",0.0,-0.6553584649070682
"[3, 0, 1, 2]",0.0,-0.7362377060410655
"[0, 0, 1, 3]",-1.2587912737133886,-2.5921628894880637
"[8, 2, 1, 0]",0.0,-0.23232602228901686
"[7, 1, 1, 1]",0.0,-0.23232602228901686
"[8, 9, 1, 0]",0.0,-0.44122778680768643
"[7, 9, 1, 1]",0.0,-0.4412277868310797
"[6, 9, 1, 2]",0.0,-0.48502855846108217
"[0, 8, 1, 1]",0.0,-1.1414491182904989
"[0, 7, 1, 2]",0.0,-2.326958845606634
"[0, 6, 1, 3]",-1.167585710665478,-2.044594019778137
"[0, 8, 1, 3]",-1.0907341859529616,-2.1875346903982353
"[0, 8, 1, 0]",0.0,-0.9998407320891147
"[0, 7, 1, 1]",0.0,-1.0375861142310947
"[0, 6, 1, 2]",0.0,-2.198115271654606
"[8, 2, 0, 3]",-0.23806980882127232,-0.522883164882318
"[7, 1, 1, 0]",0.0,-0.23806980882127232
"[8, 2, 1, 1]",0.0,-0.2000948845922122
"[7, 1, 1, 2]",0.0,-0.5070305775220044
"[6, 0, 1, 3]",-0.41795851997777483,-0.4851666589475602
"[5, 4, 0, 0]",0.0,-0.1354101110866061
"[4, 3, 0, 1]",0.0,-0.1743196745222151
"[3, 2, 0, 2]",0.0,-0.5002927120728151
"[2, 1, 0, 3]",-0.1609640562224195,-0.78360141496654
"[1, 0, 1, 0]",0.0,-0.3897565722367269
"[0, 0, 1, 1]",0.0,-1.3928295405547126
"[0, 0, 1, 2]",0.0,-2.596201112599444
"[8, 5, 1, 3]",0.0,0.0
"[7, 4, 0, 0]",0.0,-0.31072969000000006
"[6, 3, 0, 1]",0.0,-0.34947173890000005
"[5, 2, 0, 2]",0.0,-0.906354641332719
"[4, 1, 0, 3]",-0.7723812231456424,-1.0796371635929738
"[3, 0, 0, 3]",-1.0595526565060287,-1.3508269648397773
"[9, 8, 0, 1]",0.0,-0.27773651002657096
"[9, 7, 0, 2]",0.0,-0.7413237081917782
"[8, 6, 0, 3]",-0.010371147344199649,-0.24851090996257671
"[7, 5, 1, 0]",0.0,-0.010371147344199649
"[6, 4, 1, 1]",0.0,-0.010371147344199649
"[5, 3, 1, 2]",0.0,-0.015823071901070705
"[4, 2, 1, 3]",-0.09,-0.002713483098286106
"[3, 1, 1, 3]",-0.0001797010299914431,-0.18262085128339087
"[8, 6, 1, 0]",0.0,-0.003656597055600124
"[7, 5, 1, 1]",0.0,-0.003656597055600124
"[6, 4, 1, 2]",0.0,-0.003656597055600124
"[5, 3, 1, 3]",0.0,-0.041677457572545595
"[4, 2, 0, 0]",0.0,-0.11317842260844013
"[3, 1, 0, 1]",0.0,-0.19141953105352993
"[2, 0, 0, 2]",0.0,-1.3896792462576986
"[8, 0, 1, 2]",0.0,-0.586985608933985
"[6, 8, 0, 3]",-0.07442778060899999,-0.19
"[5, 7, 0, 3]",-0.01227605558953068,-0.18955256649525237
"[4, 6, 0, 3]",-0.04046815943745853,-0.2249994657714885
"[3, 5, 0, 3]",-0.10542237419515949,-0.3068255815835308
"[2, 4, 0, 3]",-0.09788279559719085,-0.37716206503907745
"[1, 3, 0, 3]",-0.0978789705171978,-0.26898076155138356
"[0, 2, 0, 3]",-1.0476088417247835,-0.4173369844933336
"[0, 1, 1, 0]",0.0,-1.1009634178414305
"[0, 8, 1, 2]",0.0,-2.4313205470563686
"[8, 3, 0, 2]",0.0,-0.7722529482317528
"[7, 2, 0, 3]",-0.1621427266497078,-0.6526955042148515
"[6, 1, 1, 0]",0.0,-0.1621427266497078
"[7, 8, 0, 0]",0.0,-0.29740821324368494
"[6, 7, 0, 1]",0.0,-0.3032002637433441
"[5, 6, 0, 2]",0.0,-0.5217583330722936
"[4, 5, 0, 3]",-0.16386602722575336,-0.33646867804680786
"[3, 4, 0, 3]",-0.12275260428699143,-0.3247553448857024
"[2, 3, 0, 3]",-0.00724888806506197,-0.4264153806656519
"[1, 2, 0, 3]",-0.10122477107281064,-0.3460849278583389
"[0, 1, 0, 3]",-1.2596037297092026,-1.181366147650198
"[8, 2, 0, 0]",0.0,-0.35761993336293135
"[7, 1, 0, 1]",0.0,-0.8043795817534438
"[6, 0, 0, 2]",0.0,-1.8135544766929472
"[2, 8, 0, 2]",0.0,-0.24238607585527858
"[1, 7, 0, 3]",-0.04148539832463346,-0.26471301006618775
"[0, 6, 0, 3]",-0.6513215599,-0.23050841945002004
"[0, 5, 1, 0]",0.0,-1.0904598394952327
"[0, 4, 1, 1]",0.0,-1.0156190299070653
"[3, 5, 0, 0]",0.0,-0.07143959395491065
"[2, 4, 0, 1]",0.0,-0.06907860355941957
"[1, 3, 0, 2]",0.0,-0.5825902011619144
"[4, 2, 0, 3]",-0.18975627748811974,-0.540923180718194
"[3, 1, 1, 0]",0.0,-0.18975627748811974
"[2, 0, 1, 1]",0.0,-0.6186490610905668
"[1, 0, 1, 2]",0.0,-1.8145666448768056
"[7, 8, 1, 0]",0.0,-0.012157665459056936
"[6, 7, 1, 1]",0.0,-0.012157665459056936
"[5, 6, 1, 2]",0.0,-0.055775342204022485
"[4, 5, 1, 3]",-0.028242953648100005,-0.13874204890000005
"[3, 4, 1, 3]",0.0,-0.016555417048592633
"[2, 3, 0, 0]",0.0,-0.2237952555166462
"[1, 2, 0, 1]",0.0,-0.2636918346652855
"[0, 1, 0, 2]",0.0,-1.7236778951450615
"[8, 1, 1, 2]",0.0,-0.24814787799780924
"[6, 8, 0, 1]",0.0,-0.14437653488059804
"[5, 7, 0, 2]",0.0,-0.18961941006870112
"[0, 2, 1, 0]",0.0,-1.137810644958214
"[0, 1, 1, 1]",0.0,-1.0940463452911007
"[8, 3, 1, 2]",0.0,-0.1307234229762091
"[7, 2, 1, 3]",0.0,-0.081
"[6, 1, 0, 0]",0.0,-0.1298544725765568
"[5, 0, 0, 1]",0.0,-1.099856004912526
"[1, 8, 1, 0]",0.0,-0.0028088671699788986
"[8, 0, 0, 1]",0.0,-1.3281289056780932
"[2, 8, 1, 3]",-0.004710128697246244,-0.17071740478591962
"[8, 0, 1, 1]",0.0,-0.45642228196427265
"[7, 0, 1, 2]",0.0,-0.7603995496479254
"[2, 8, 0, 3]",-0.050185181265010856,-0.2704370971337228
"[8, 6, 1, 3]",0.0,-0.0729
"[7, 5, 1, 3]",0.0,0.0
"[6, 4, 0, 0]",0.0,-0.1444396956644259
"[5, 3, 0, 1]",0.0,-0.23139140832398813
"[4, 2, 0, 2]",0.0,-0.7293146701721045
"[3, 1, 0, 3]",-0.5139906212720309,-0.950117061322154
"[2, 0, 0, 3]",-1.350283289277488,-1.2421858385201894
"[1, 8, 0, 0]",0.0,-0.7302154820691997
"[0, 7, 0, 1]",0.0,-0.7315443155581537
"[6, 4, 1, 0]",0.0,-0.16667275159806222
"[5, 3, 1, 1]",0.0,-0.16800303106279135
"[4, 2, 1, 2]",0.0,-0.1724010361038799
"[2, 0, 0, 0]",0.0,-1.0558667999680929
"[1, 5, 0, 0]",0.0,-0.7207749847865395
"[0, 4, 0, 1]",0.0,-0.7207749847865395
"[6, 1, 1, 3]",0.0,-0.10094511114282498
"[5, 0, 0, 0]",0.0,-1.0567642902456433
"[5, 8, 1, 2]",0.0,-0.13759796021652274
"[4, 7, 1, 3]",-0.004089096989764798,-0.1641810128697246
"[3, 6, 0, 0]",0.0,-0.2263178226406867
"[2, 5, 0, 1]",0.0,-0.4073206430309988
"[1, 4, 0, 2]",0.0,-0.9220183991256069
"[0, 3, 0, 3]",-0.6861894039099999,-0.601021857023769
"[5, 8, 1, 0]",0.0,0.0
"[4, 7, 1, 1]",0.0,0.0
"[3, 6, 1, 2]",0.0,-0.014286842750365028
"[2, 5, 1, 3]",-0.0030903154382632605,-0.12410089032143
"[1, 4, 0, 0]",0.0,-1.0170747801113764
"[0, 3, 0, 1]",0.0,-1.017436193753221
"[4, 8, 1, 2]",0.0,-0.3143721945951005
"[3, 7, 1, 3]",0.0,-0.1539
"[2, 6, 1, 3]",-0.0034336838202925117,-0.188522367422058
"[8, 6, 1, 1]",0.0,-0.09
"[7, 5, 1, 2]",0.0,-0.09
"[6, 4, 1, 3]",0.0,-0.1
"[5, 3, 0, 0]",0.0,-0.20455857109527026
"[4, 2, 0, 1]",0.0,-0.2701685710952702
"[3, 1, 0, 2]",0.0,-1.5693906689483945
"[8, 1, 0, 2]",0.0,-1.2338457754979293
"[7, 0, 0, 3]",-1.0407529539980704,-1.377017300256763
"[6, 8, 1, 1]",0.0,-0.15887017842280388
"[5, 7, 1, 2]",0.0,-0.15887017842280388
"[4, 6, 1, 3]",0.0,-0.081
"[3, 5, 1, 3]",0.0,-0.09036825831306523
"[2, 4, 0, 0]",0.0,-0.28168056974885813
"[1, 3, 0, 1]",0.0,-0.30548203260757956
"[0, 2, 0, 2]",0.0,-0.6278806976563627
"[5, 8, 0, 2]",0.0,-0.2889233373051836
"[4, 7, 0, 3]",-0.0995663412518646,-0.27843229688501914
"[7, 8, 1, 1]",0.0,-0.12055395974690922
"[6, 7, 1, 2]",0.0,-0.12055395974690922
"[5, 6, 1, 3]",0.0,-0.19387420489
"[4, 5, 0, 0]",0.0,-0.33477633701703424
"[3, 4, 0, 1]",0.0,-0.3721473365320275
"[2, 3, 0, 2]",0.0,-0.5029181753963798
"[0, 0, 1, 0]",0.0,-2.1813239949057137
"[8, 6, 1, 2]",0.0,0.0
"[2, 0, 1, 0]",0.0,-0.7804046751636563
"[1, 0, 1, 1]",0.0,-0.7283773192484444
"[8, 3, 1, 0]",0.0,-0.0445172295662708
"[7, 2, 1, 1]",0.0,-0.0445172295662708
"[6, 1, 1, 2]",0.0,-0.13348387755379895
"[1, 3, 0, 0]",0.0,-0.6224140918644474
"[0, 2, 0, 1]",0.0,-0.6252502402537781
"[0, 8, 0, 3]",-0.5217031,-0.1966348898056799
"[1, 1, 0, 0]",0.0,-1.6664563660066685
"[0, 0, 0, 1]",0.0,-2.530751798022913
"[8, 5, 0, 1]",0.0,-0.43537256284608095
"[7, 4, 0, 2]",0.0,-0.6502555811590273
"[2, 8, 0, 0]",0.0,-0.07744879320931385
"[1, 7, 0, 1]",0.0,-0.07755088561255215
"[0, 6, 0, 2]",0.0,-0.19488869217013507
"[8, 7, 1, 3]",0.0,-0.19
"[7, 6, 1, 3]",0.0,-0.081
"[6, 5, 0, 0]",0.0,-0.3312744765196038
"[5, 4, 0, 1]",0.0,-0.36939112886764336
"[4, 3, 0, 2]",0.0,-0.5446910830794954
"[3, 2, 0, 3]",-0.25551861431287715,-0.33393655462469196
"[2, 1, 1, 0]",0.0,-0.25551861431287715
"[3, 8, 1, 2]",0.0,-0.31600639695196564
"[2, 7, 1, 3]",0.0,-0.08829
"[2, 8, 1, 0]",0.0,-0.03874307794301455
"[1, 7, 1, 1]",0.0,-0.07748512684301456
"[1, 2, 0, 0]",0.0,-1.4415675303762798
"[0, 1, 0, 1]",0.0,-1.4415675303762798
"[6, 8, 0, 0]",0.0,-0.14108598860093438
"[5, 7, 0, 1]",0.0,-0.23267655734375545
"[4, 6, 0, 2]",0.0,-0.33636018853054417
"[2, 4, 1, 0]",0.0,-0.11441631436567576
"[1, 3, 1, 1]",0.0,-0.12341025453619205
"[0, 2, 1, 2]",0.0,-2.2605224888089186
"[8, 5, 1, 0]",0.0,-0.03402382142993145
"[7, 4, 1, 1]",0.0,-0.03402382142993145
"[6, 3, 1, 2]",0.0,-0.03402382142993145
"[5, 2, 1, 3]",0.0,-0.09
"[4, 1, 0, 0]",0.0,-0.13598302379201344
"[3, 0, 0, 1]",0.0,-1.1312430155138948
"[3, 4, 1, 0]",0.0,-0.16386602722575336
"[2, 3, 1, 1]",0.0,-0.16386602722575336
"[1, 2, 1, 2]",0.0,-1.085960947571699
"[4, 8, 1, 3]",0.0,-0.19
"[3, 7, 0, 0]",0.0,-0.04027836963112406
"[2, 6, 0, 1]",0.0,-0.04027836963112406
"[1, 5, 0, 2]",0.0,-0.29095573869082575
"[0, 4, 0, 3]",-0.7458134171670999,-0.20636525409774523
"[0, 3, 1, 0]",0.0,-1.375744025689355
"[0, 2, 1, 1]",0.0,-1.3373259173041263
"[0, 1, 1, 2]",0.0,-2.551182888075145
"[8, 1, 1, 3]",-0.03706040377703683,-0.23661976560202355
"[7, 0, 0, 0]",0.0,-1.017418884480709
"[4, 8, 0, 1]",0.0,-0.1655663362251365
"[3, 7, 0, 2]",0.0,-0.17041658120754327
"[2, 6, 0, 3]",-0.0006733130883824652,-0.21867604841716212
"[1, 5, 1, 0]",0.0,-0.0006733130883824652
"[3, 6, 1, 3]",-0.08571012869724623,-0.14505215450989997
"[1, 4, 1, 3]",-0.1741916799659132,-0.38497112917639864
"[3, 1, 0, 0]",0.0,-0.44070310000000007
"[2, 0, 0, 1]",0.0,-1.414039061444889
"[8, 1, 1, 1]",0.0,-0.039527933743023734
"[5, 8, 1, 1]",0.0,-0.2345467585070647
"[4, 7, 1, 2]",0.0,-0.26280097436648153
"[2, 5, 0, 0]",0.0,-0.13653488565698185
"[1, 4, 0, 1]",0.0,-0.13653488565698185
"[0, 3, 0, 2]",0.0,-0.421172247760192
"[8, 2, 1, 3]",0.0,-0.015320086481590237
"[7, 1, 0, 0]",0.0,-0.36989864552688245
"[6, 0, 0, 1]",0.0,-1.187625474942065
"[2, 1, 0, 2]",0.0,-1.410465084631632
"[1, 0, 0, 3]",-1.0822118104653762,-1.278694864918516
"[6, 2, 1, 0]",0.0,-0.07936518845011949
"[5, 1, 1, 1]",0.0,-0.07936518845011949
"[8, 1, 0, 3]",-0.2142792860202029,-1.135185742242832
"[6, 1, 0, 3]",-0.44536811416480304,-1.057658073256083
"[5, 0, 0, 3]",-1.175280798114818,-1.1765949858080194
"[3, 0, 1, 0]",0.0,-1.2811355636354005
"[5, 8, 0, 0]",0.0,-0.3351935352747742
"[4, 7, 0, 1]",0.0,-0.34492833217192054
"[3, 6, 0, 2]",0.0,-0.42119129149015344
"[2, 5, 0, 3]",-0.13093456654670893,-0.3975234080918666
"[1, 4, 0, 3]",-0.3813734789071195,-0.3307259930809396
"[8, 0, 0, 0]",0.0,-1.118665177152799
"[2, 7, 0, 3]",-0.1257539282398361,-0.2339796072550221
"[1, 6, 1, 0]",0.0,-0.15155492587704672
"[6, 8, 1, 3]",0.0,-0.081
"[5, 7, 1, 3]",0.0,-0.1539
"[4, 6, 0, 0]",0.0,-0.08610877245686391
"[3, 5, 0, 1]",0.0,-0.1376460096770004
"[2, 4, 0, 2]",0.0,-0.2813806817223987
"[3, 8, 0, 2]",0.0,-0.3301436267833164
"[8, 4, 0, 0]",0.0,-0.09890762936863776
"[7, 3, 0, 1]",0.0,-0.11373097699417709
"[6, 2, 0, 2]",0.0,-0.661199999180212
"[5, 1, 0, 3]",-0.5874426885390185,-1.078415557953117
"[4, 0, 1, 0]",0.0,-0.9719966527828819
"[8, 4, 1, 3]",0.0,0.0
"[7, 3, 0, 0]",0.0,-0.06338005807965581
"[6, 2, 0, 1]",0.0,-0.14769938441010294
"[5, 1, 0, 2]",0.0,-2.1415203091112116
"[4, 0, 0, 3]",-1.4585809409939543,-1.5188765231180337
"[8, 4, 0, 3]",-0.21694340973289508,-0.3074140246714202
"[7, 3, 1, 0]",0.0,-0.21694340973289508
"[6, 2, 1, 1]",0.0,-0.21694340973289508
"[5, 1, 1, 2]",0.0,-0.4107026283029293
"[8, 3, 0, 3]",-0.05652018322766858,-0.5839131898463722
"[5, 0, 1, 0]",0.0,-0.8665036864354196
"[4, 8, 0, 3]",-0.008256506243349103,-0.1538913599526201
"[3, 7, 0, 3]",-0.0011730268615102657,-0.13903782596986256
"[2, 6, 1, 0]",0.0,-0.0011730268615102657
"[1, 5, 1, 1]",0.0,-0.0011730268615102657
"[6, 0, 0, 3]",-1.1617683347267422,-1.674627390144115
"[7, 2, 1, 0]",0.0,-0.05652018322766858
"[6, 1, 1, 1]",0.0,-0.06449682753535584
"[1, 5, 0, 3]",-0.06867705104061354,-0.35641013052336024
"[0, 4, 1, 0]",0.0,-1.0692844634193799
"[0, 3, 1, 1]",0.0,-1.138594315045739
"[8, 7, 1, 0]",0.0,0.0
"[7, 6, 1, 1]",0.0,0.0
"[6, 5, 1, 2]",0.0,0.0
"[5, 4, 1, 3]",0.0,0.0
"[4, 3, 0, 0]",0.0,-0.24943304481166967
"[3, 2, 0, 1]",0.0,-0.29413934732288555
"[8, 1, 0, 0]",0.0,-0.2711943016596699
"[7, 0, 0, 1]",0.0,-1.1693972913597552
"[8, 7, 0, 3]",-0.122876792454961,-0.10057824785995433
"[7, 6, 1, 0]",0.0,-0.122876792454961
"[6, 5, 1, 1]",0.0,-0.122876792454961
"[5, 4, 1, 2]",0.0,-0.122876792454961
"[4, 3, 1, 3]",0.0,-0.009656100000000004
"[3, 2, 0, 0]",0.0,-0.24876641947336817
"[2, 1, 0, 1]",0.0,-0.2661075892480639
"[1, 0, 0, 2]",0.0,-1.6672215578774565
"[7, 8, 1, 2]",0.0,-0.29728855971451756
"[6, 7, 1, 3]",0.0,-0.09
"[5, 6, 0, 0]",0.0,-0.14711812667646643
"[4, 5, 0, 1]",0.0,-0.15135724250398808
"[3, 4, 0, 2]",0.0,-0.18177188155592677
"[1, 2, 1, 0]",0.0,-0.00724888806506197
"[8, 1, 1, 0]",0.0,-0.1760746049167351
"[8, 5, 0, 0]",0.0,-0.16969449955995122
"[7, 4, 0, 1]",0.0,-0.18862452121411177
"[6, 3, 0, 2]",0.0,-0.3191949044739803
"[8, 2, 1, 2]",0.0,-0.09071463582524966
"[7, 1, 1, 3]",-0.00023644954075837142,-0.3567219587948162
"[1, 4, 1, 0]",0.0,-0.13234849664473913
"[8, 6, 0, 1]",0.0,-0.30886915073692883
"[7, 5, 0, 2]",0.0,-0.43971187136663037
"[7, 5, 0, 0]",0.0,-0.260474095004178
"[6, 4, 0, 1]",0.0,-0.2639062617505499
"[5, 3, 0, 2]",0.0,-0.5525069577091242
"[2, 8, 1, 1]",0.0,-0.1266192765677314
"[1, 7, 1, 2]",0.0,-1.1154105731882953
"[7, 8, 0, 1]",0.0,-0.1085236730384045
"[6, 7, 0, 2]",0.0,-0.1434829261706496
"[5, 6, 0, 3]",-0.20968213538191177,-0.1557524212777161
"[2, 6, 0, 0]",0.0,-0.08342931588197103
"[1, 5, 0, 1]",0.0,-0.104838615813781
"[0, 4, 0, 2]",0.0,-0.23266482625060142
"[5, 7, 1, 0]",0.0,-0.08943724413869991
"[4, 6, 1, 1]",0.0,-0.08943724413869991
"[3, 5, 1, 2]",0.0,-0.14703000637443478
"[2, 4, 1, 3]",-0.032597638160208525,-0.17312285293979712
"[8, 3, 1, 1]",0.0,-0.1800358309977576
"[7, 2, 1, 2]",0.0,-0.1800358309977576
"[3, 8, 1, 0]",0.0,0.0
"[2, 7, 1, 1]",0.0,0.0
"[1, 6, 1, 2]",0.0,-0.9251785957299592
"[4, 5, 1, 0]",0.0,-0.20968213538191177
"[3, 4, 1, 1]",0.0,-0.20968213538191177
"[2, 3, 1, 2]",0.0,-0.2426684005488469
"[1, 2, 1, 3]",-0.0092014419317947,-0.2853423162473895
"[0, 1, 0, 0]",0.0,-0.01355001849655696
"[7, 8, 0, 3]",-0.021485161484417165,-0.18919
"[6, 7, 0, 3]",-0.32786502061717093,-0.14128437384953993
"[5, 6, 1, 0]",0.0,-0.353283678900461
"[4, 5, 1, 1]",0.0,-0.353283678900461
"[3, 4, 1, 2]",0.0,-0.5255253366296362
"[2, 3, 1, 3]",-0.27791456501,-0.24484374993857896
"[8, 7, 0, 1]",0.0,-0.4490372431117286
"[7, 6, 0, 2]",0.0,-0.5015964845469412
"[6, 5, 0, 3]",-0.04858975792183613,-0.2999066439831365
"[5, 4, 1, 0]",0.0,-0.04858975792183613
"[4, 3, 1, 1]",0.0,-0.04858975792183613
"[3, 2, 1, 2]",0.0,-0.06886349359546783
"[2, 1, 1, 3]",-0.00423911582752162,-0.140457471943821
"[8, 4, 0, 1]",0.0,-0.42606562607193377
"[7, 3, 0, 2]",0.0,-0.535853644389248
"[1, 1, 0, 3]",-1.055216,-1.032568821977537
"[0, 5, 0, 0]",0.0,-0.12160947928329
"[1, 7, 1, 0]",0.0,-0.05048950653722788
"[2, 7, 0, 0]",0.0,-0.17738534687010735
"[1, 6, 0, 1]",0.0,-0.22270041655564593
"[0, 5, 0, 2]",0.0,-0.36974067855952686
"[3, 5, 1, 0]",0.0,-0.051410058350609765
"[2, 4, 1, 1]",0.0,-0.051410058350609765
"[1, 3, 1, 2]",0.0,-1.052374505218211
"[8, 5, 1, 2]",0.0,-0.02695443277259499
"[7, 4, 1, 3]",0.0,-0.09
"[6, 3, 0, 0]",0.0,-0.08342245757644985
"[5, 2, 0, 1]",0.0,-0.09283109763380787
"[4, 1, 0, 2]",0.0,-1.1730623594020257
"[0, 7, 0, 0]",0.0,-0.16829031721273463
"[3, 8, 1, 3]",0.0,-0.181
"[7, 8, 0, 2]",0.0,-0.27742636747305993
"[4, 8, 0, 0]",0.0,-0.1340442064846549
"[3, 7, 0, 1]",0.0,-0.1340619029191977
"[2, 6, 0, 2]",0.0,-0.24980794352140384
"[0, 8, 0, 2]",0.0,-0.3312995026299357
"[8, 7, 1, 2]",0.0,-0.3539258459004205
"[6, 5, 1, 3]",0.0,-0.09
"[1, 5, 1, 3]",-0.06331964078325507,-0.32006491802157283
"[8, 3, 0, 0]",0.0,-0.3031596015978876
"[7, 2, 0, 1]",0.0,-0.3042371279643182
"[6, 1, 0, 2]",0.0,-1.4379431081980454
"[8, 4, 1, 1]",0.0,-0.2513488834631922
"[7, 3, 1, 2]",0.0,-0.2513488834631922
"[6, 2, 1, 3]",0.0,-0.1
"[5, 1, 1, 3]",0.0,-0.07645578553594959
"[1, 7, 0, 0]",0.0,-0.5939496368201655
"[0, 6, 0, 1]",0.0,-0.5944497106041808
"[0, 8, 0, 1]",0.0,-0.8454693781326161
"[8, 4, 1, 0]",0.0,-0.02875926637813024
"[7, 3, 1, 1]",0.0,-0.02875926637813024
"[6, 2, 1, 2]",0.0,-0.02875926637813024
"[2, 8, 0, 1]",0.0,-0.08816536149439724
"[1, 7, 0, 2]",0.0,-0.3247754042815992
"[1, 1, 0, 2]",0.0,-0.2
"[0, 0, 0, 3]",-0.8130000000000001,-0.7531746235695405
"[5, 1, 0, 0]",0.0,-0.2420124156126309
"[4, 0, 0, 1]",0.0,-1.215410404893869
"[5, 2, 1, 0]",0.0,-0.09842593653884912
"[4, 1, 1, 1]",0.0,-0.09842593653884912
"[4, 8, 1, 1]",0.0,-0.17201384617383067
"[3, 7, 1, 2]",0.0,-0.18620099895081219
"[0, 8, 0, 0]",0.0,-0.3975623729154473
"[1, 3, 1, 0]",0.0,-0.09849144614162496
"[3, 7, 1, 0]",0.0,-0.008256506243349103
"[2, 6, 1, 1]",0.0,-0.008256506243349103
"[1, 5, 1, 2]",0.0,-1.0264191190331478
"[6, 0, 0, 0]",0.0,-1.0721421461794864
"[8, 7, 1, 1]",0.0,0.0
"[7, 6, 1, 2]",0.0,0.0
"[4, 6, 1, 0]",0.0,-0.013061572310658569
"[3, 5, 1, 1]",0.0,-0.013061572310658569
"[2, 4, 1, 2]",0.0,-0.09482373395544169
"[1, 3, 1, 3]",-0.05502242081209975,-0.31966495504361814
"[0, 2, 0, 0]",0.0,-0.05502242081209975
"[6, 3, 1, 3]",0.0,-0.081
"[5, 2, 0, 0]",0.0,-0.175203029048949
"[4, 1, 0, 1]",0.0,-0.18321692050945332
"[3, 0, 0, 2]",0.0,-1.4915022379036784
"[8, 3, 1, 3]",0.0,0.0
"[4, 8, 0, 2]",0.0,-0.05514418417693227
"[6, 8, 0, 2]",0.0,-0.05133585123664968
"[7, 2, 0, 0]",0.0,-0.3030959072962
"[6, 1, 0, 1]",0.0,-0.573228519337355
"[5, 0, 0, 2]",0.0,-1.669708359458054
"[5, 8, 1, 3]",0.0,-0.27124752987445394
"[6, 8, 1, 2]",0.0,-0.19097317813245435
"[7, 8, 1, 3]",0.0,-0.09
"[6, 7, 0, 0]",0.0,-0.15134627046864937
"[5, 6, 0, 1]",0.0,-0.18276464842909207
"[4, 5, 0, 2]",0.0,-0.35949168347111227
"[8, 5, 0, 2]",0.0,-0.6870370771191198
"[1, 0, 0, 0]",0.0,-1.1952898445617286
"[1, 8, 0, 1]",0.0,-0.05935802360875534
"[0, 7, 0, 2]",0.0,-0.15995591792260277
"[1, 8, 1, 1]",0.0,-0.2984487880127666
"[8, 5, 1, 1]",0.0,-0.15259336821879205
"[7, 4, 1, 2]",0.0,-0.15259336821879205
"[4, 1, 1, 3]",0.0,-0.18637221663721715
"[3, 0, 0, 0]",0.0,-1.1449050192279568
"[4, 0, 0, 0]",0.0,-1.0573805267697023
"[6, 7, 1, 0]",0.0,-0.021485161484417165
"[5, 6, 1, 1]",0.0,-0.021485161484417165
"[4, 5, 1, 2]",0.0,-0.021485161484417165
"[2, 3, 1, 0]",0.0,-0.12275260428699143
"[1, 2, 1, 1]",0.0,-0.12275260428699143
"[0, 3, 0, 0]",0.0,-0.15677251196932188
"[3, 4, 0, 0]",0.0,-0.2031511859973174
"[2, 3, 0, 1]",0.0,-0.21409308491046858
"[1, 2, 0, 2]",0.0,-1.1961970367391253
"[7, 4, 1, 0]",0.0,-0.36412646075576205
"[6, 3, 1, 1]",0.0,-0.36412646075576205
"[5, 2, 1, 2]",0.0,-0.36412646075576205
"[7, 6, 0, 3]",-0.04209583998295659,-0.19953884464144828
"[5, 4, 0, 3]",-0.44765350372214013,-0.49107864504073573
"[4, 3, 1, 0]",0.0,-0.4523636324193864
"[3, 2, 1, 1]",0.0,-0.4523636324193864
"[2, 1, 1, 2]",0.0,-0.6041792650034342
"[1, 6, 0, 0]",0.0,-0.759162727869852
"[0, 5, 0, 1]",0.0,-0.7623017153165929
"[8, 3, 0, 1]",0.0,-0.26429537660844454
"[7, 2, 0, 2]",0.0,-0.8015101901002287
"[1, 6, 0, 3]",-0.09787444764913476,-0.3107070804809826
"[5, 8, 0, 3]",-0.2431892018885184,-0.18967218763197383
"[4, 7, 1, 0]",0.0,-0.2431892018885184
"[3, 6, 1, 1]",0.0,-0.2431892018885184
"[2, 5, 1, 2]",0.0,-0.3989236725995067
"[1, 8, 1, 2]",0.0,-1.2729338297630817
"[2, 5, 0, 2]",0.0,-0.5454778181871026
"[3, 6, 1, 0]",0.0,-0.1021200756065724
"[2, 5, 1, 1]",0.0,-0.1021200756065724
"[1, 4, 1, 2]",0.0,-1.0803190638227376
"[8, 7, 0, 0]",0.0,-0.2842047421333436
"[7, 6, 0, 1]",0.0,-0.29741486277130447
"[6, 5, 0, 2]",0.0,-0.7132365392997251
"[4, 3, 0, 3]",-0.273447517793868,-0.2977705402109754
"[3, 2, 1, 0]",0.0,-0.27653783323213127
"[2, 1, 1, 1]",0.0,-0.27653783323213127
"[4, 7, 0, 0]",0.0,-0.21410699763785684
"[3, 6, 0, 1]",0.0,-0.2833163933254855
"[5, 7, 0, 0]",0.0,-0.1292071707243665
"[4, 6, 0, 1]",0.0,-0.16630418837972955
"[3, 5, 0, 2]",0.0,-0.34922237883997453
"[8, 2, 0, 1]",0.0,-0.18299466057751015
"[7, 1, 0, 2]",0.0,-1.4524002258201951
"[8, 1, 0, 1]",0.0,-0.43500373529524317
"[7, 0, 0, 2]",0.0,-1.6411109158407955
"[8, 7, 0, 2]",0.0,-0.4499224509739348
"[6, 5, 1, 0]",0.0,-0.12309583998295658
"[5, 4, 1, 1]",0.0,-0.12309583998295658
"[4, 3, 1, 2]",0.0,-0.169599396161577
"[3, 2, 1, 3]",-0.1282429536481,-0.10028289910919826
"[1, 6, 0, 2]",0.0,-0.6677226819513208
"[0, 5, 0, 3]",-0.68618940391,-0.41399349327785884
"[6, 8, 1, 0]",0.0,0.0
"[5, 7, 1, 1]",0.0,0.0
"[4, 6, 1, 2]",0.0,0.0
"[2, 1, 0, 0]",0.0,-0.5192145820735371
"[1, 0, 0, 1]",0.0,-1.365803166390003
"[4, 8, 1, 0]",0.0,-0.02287679245496101
"[3, 7, 1, 1]",0.0,-0.02565807634939793
"[2, 6, 1, 2]",0.0,-0.13042005895212405
"[0, 4, 0, 0]",0.0,-0.06331964078325507
"[3, 8, 0, 1]",0.0,-0.08050411092887641
"[2, 7, 0, 2]",0.0,-0.23331626478327697
"[3, 8, 0, 0]",0.0,-0.2572690215423443
"[2, 7, 0, 1]",0.0,-0.2572690215423443
"[7, 6, 0, 0]",0.0,-0.116859301584756
"[6, 5, 0, 1]",0.0,-0.157650665466858
"[5, 4, 0, 2]",0.0,-0.23819767938510503
"[1, 1, 0, 1]",0.0,-0.2
"[0, 0, 0, 2]",0.0,-0.25241730603778906
