"[9, 9, 0, 0]",0.0,-0.33536132869065566
"[9, 9, 0, 1]",0.0,-0.3633346464239354
"[9, 9, 0, 2]",0.0,-0.681779681108104
"[9, 9, 0, 3]",-0.4062038231932769,-0.6006522208468279
"[9, 9, 1, 0]",0.0,-0.44841870312779686
"[9, 9, 1, 1]",0.0,-0.47747444740169576
"[9, 9, 1, 2]",0.0,-0.8160574536974113
"[9, 9, 1, 3]",-0.31998030985004455,-0.627564416105146
"[8, 9, 1, 3]",-8.128330250639269e-08,-0.25559397449466514
"[7, 9, 1, 3]",-0.001149479557489244,-0.2300523649790832
"[6, 9, 0, 0]",0.0,-0.17940817515950436
"[5, 9, 0, 1]",0.0,-0.20177202897759805
"[4, 9, 0, 2]",0.0,-0.35481454064751816
"[3, 9, 0, 3]",-0.10360589592676447,-0.7259938399803645
"[2, 9, 1, 0]",0.0,-0.11801308054451777
"[1, 9, 1, 1]",0.0,-0.18502784233905312
"[0, 9, 1, 2]",0.0,-1.8999999999999986
"[0, 9, 1, 3]",-0.9999999999999996,-1.8999999999996295
"[7, 9, 0, 0]",0.0,-0.1160243129093355
"[6, 9, 0, 1]",0.0,-0.25216811262656497
"[5, 9, 0, 2]",0.0,-0.4259113388621117
"[4, 9, 0, 3]",-0.19765637860711785,-0.6114555645934934
"[3, 9, 1, 0]",0.0,-0.21270565127742389
"[2, 9, 1, 1]",0.0,-0.22892847194564792
"[1, 9, 1, 2]",0.0,-1.1375491692377808
"[8, 9, 0, 2]",0.0,-0.5031481308318689
"[7, 9, 0, 3]",-0.2723905229234707,-0.6754485604493873
"[6, 9, 0, 3]",-0.19707860306442285,-0.6680381454790343
"[5, 9, 0, 3]",-0.3634219081703695,-0.3297580368923456
"[9, 8, 1, 2]",0.0,-0.44245670031236106
"[9, 7, 1, 3]",-0.1461538840224393,-0.555344463916948
"[9, 6, 0, 0]",0.0,-0.24538605647263578
"[8, 5, 0, 1]",0.0,-0.08792357701054776
"[7, 4, 0, 2]",0.0,-0.13851997561811943
"[6, 3, 0, 3]",-0.034459209864822926,-0.3825915814800279
"[5, 2, 0, 3]",-0.06489335335412749,-0.4354356956722538
"[4, 1, 0, 3]",-0.23245895033321595,-0.9000912993326496
"[3, 0, 0, 3]",-0.9817519963685992,-1.009359771055326
"[2, 0, 1, 0]",0.0,-0.6282093254357797
"[1, 0, 1, 1]",0.0,-0.471372999993686
"[0, 0, 1, 2]",0.0,-1.8999999999999986
"[0, 0, 1, 3]",-0.9999999999999996,-1.889712147962756
"[3, 9, 0, 0]",0.0,-0.13620145838288147
"[2, 9, 0, 1]",0.0,-0.1607581980735894
"[1, 9, 0, 2]",0.0,-0.6193309433528914
"[0, 9, 0, 3]",-0.9999825730661899,-0.4801141361988159
"[0, 9, 1, 0]",0.0,-0.9999999999999996
"[0, 9, 1, 1]",0.0,-0.9999999999999996
"[8, 9, 1, 0]",0.0,-0.1678025960203957
"[7, 9, 1, 1]",0.0,-0.16780276511717165
"[6, 9, 1, 2]",0.0,-0.12879444879650503
"[5, 9, 1, 3]",-0.06870092307787294,-0.2830412227569977
"[4, 9, 1, 3]",-0.016677202570791617,-0.26057354507624314
"[3, 9, 1, 3]",-0.11282055539278191,-0.21902634713706745
"[2, 9, 1, 3]",-0.00043636843761533765,-0.4192953847096593
"[1, 9, 1, 3]",-0.08579831339935771,-1.2454637010178704
"[0, 9, 0, 0]",0.0,-0.07537759412987323
"[9, 8, 1, 3]",-0.3021088269566734,-0.4758033398553974
"[9, 7, 0, 0]",0.0,-0.4177599271147166
"[8, 6, 0, 1]",0.0,-0.5354087021559317
"[7, 5, 0, 2]",0.0,-0.6487514863936789
"[6, 4, 0, 3]",-0.06517686071591287,-0.3236049390301518
"[5, 3, 1, 0]",0.0,-0.06517686071591287
"[4, 2, 1, 1]",0.0,-0.06517686071591287
"[3, 1, 1, 2]",0.0,-0.26677248512943225
"[2, 0, 1, 3]",-0.06427829179916615,-0.3215790946860681
"[1, 9, 0, 0]",0.0,-0.2975609338749558
"[0, 9, 0, 1]",0.0,-0.3020881044865358
"[9, 8, 0, 0]",0.0,-0.5676999730693875
"[9, 7, 0, 1]",0.0,-0.49751977930976177
"[9, 6, 0, 2]",0.0,-0.6172375788943318
"[9, 5, 0, 3]",-0.038573560116642557,-0.6806220631020294
"[9, 4, 1, 0]",0.0,-0.05653701856343865
"[9, 3, 1, 1]",0.0,-0.056861961775722045
"[9, 2, 1, 2]",0.0,-0.2171018122491149
"[9, 1, 1, 3]",-0.08174081215345472,-0.41989588152357976
"[9, 0, 0, 0]",0.0,-0.9999999999999996
"[9, 5, 0, 1]",0.0,-0.2509925760812947
"[9, 4, 0, 2]",0.0,-0.3240136667425273
"[9, 3, 0, 3]",-0.03597028330600505,-0.3432961028238803
"[9, 2, 1, 0]",0.0,-0.0641673289929648
"[9, 1, 1, 1]",0.0,-0.049609113789124235
"[9, 0, 1, 2]",0.0,-0.606383496501154
"[9, 0, 1, 3]",-0.2781569140642085,-0.4801315305931061
"[8, 9, 0, 1]",0.0,-0.19935399308140822
"[7, 9, 0, 2]",0.0,-0.4331312737290242
"[5, 9, 1, 0]",0.0,-0.20360209113754785
"[4, 9, 1, 1]",0.0,-0.20818098644499805
"[3, 9, 1, 2]",0.0,-0.2007362645919029
"[9, 8, 1, 0]",0.0,-0.11429738037204594
"[9, 7, 1, 1]",0.0,-0.11438406743569063
"[9, 6, 1, 2]",0.0,-0.593304176479581
"[9, 5, 1, 3]",-0.40811434108972555,-0.45619050745797585
"[9, 4, 1, 3]",-0.18603390222171545,-0.4519910891548848
"[9, 3, 0, 0]",0.0,-0.3867652119074495
"[9, 2, 0, 1]",0.0,-0.3721621721227205
"[9, 1, 0, 2]",0.0,-1.2867129530014108
"[8, 0, 0, 3]",-0.9929303495098489,-1.0177521074304638
"[7, 5, 0, 3]",-0.001650627635886692,-0.352307962684383
"[1, 0, 1, 3]",-0.11040630354299583,-0.7511543873390012
"[8, 9, 1, 2]",0.0,-0.2420584258117283
"[6, 9, 1, 3]",-0.01094189919381481,-0.31713494225068817
"[5, 9, 0, 0]",0.0,-0.05088476725887246
"[4, 9, 0, 1]",0.0,-0.07089842106830666
"[3, 9, 0, 2]",0.0,-0.2680422071594291
"[2, 9, 0, 3]",-0.16245749801873116,-0.46646498701486483
"[1, 9, 0, 3]",-0.25895566354942434,-0.7080313038984467
"[1, 9, 1, 0]",0.0,-0.16246064226163962
"[0, 8, 1, 1]",0.0,-0.9999999878673929
"[0, 7, 1, 2]",0.0,-1.8999999999335815
"[0, 6, 1, 3]",-0.9999999999999996,-1.721292828846806
"[0, 5, 1, 3]",-0.9999999999998612,-1.7595119116162543
"[9, 4, 0, 0]",0.0,-0.5402238628599974
"[9, 3, 0, 1]",0.0,-0.5549302694175262
"[9, 2, 0, 2]",0.0,-0.8128177931126946
"[9, 1, 0, 3]",-0.2717761848792808,-1.2090818147520779
"[9, 0, 1, 0]",0.0,-0.7406696856426199
"[9, 0, 1, 1]",0.0,-0.5259128005201403
"[8, 9, 0, 3]",-0.19940480746861608,-0.3882934583805903
"[6, 9, 1, 0]",0.0,-0.31468461433472866
"[5, 9, 1, 1]",0.0,-0.32355737444145805
"[4, 9, 1, 2]",0.0,-0.34325787102473554
"[2, 9, 0, 0]",0.0,-0.20298207866348794
"[1, 9, 0, 1]",0.0,-0.2125920503150712
"[0, 9, 0, 2]",0.0,-0.4483538526050739
"[9, 6, 0, 1]",0.0,-0.4113331353988896
"[9, 5, 0, 2]",0.0,-0.474036430834104
"[9, 4, 0, 3]",-0.13276306258799292,-0.2737195126121932
"[8, 0, 1, 3]",-0.2181260384805488,-0.5555364223624394
"[5, 8, 0, 2]",0.0,-0.17160790187149744
"[4, 7, 0, 3]",-0.0669850025481,-0.3143881317857948
"[3, 6, 0, 3]",-0.20925533752188424,-0.30826876918261653
"[2, 5, 0, 3]",-0.17862500614655874,-0.24370955834985686
"[1, 4, 1, 0]",0.0,-0.1787560081974225
"[0, 3, 1, 1]",0.0,-0.9999999993650429
"[0, 2, 1, 2]",0.0,-1.899999999998999
"[0, 1, 1, 3]",-0.9999999999999953,-1.4429295162880234
"[9, 1, 0, 1]",0.0,-0.573664714262892
"[9, 0, 0, 2]",0.0,-1.1705657766491036
"[7, 9, 1, 0]",0.0,-0.19971678204737714
"[6, 9, 1, 1]",0.0,-0.20109128819660615
"[5, 9, 1, 2]",0.0,-0.23062939548097966
"[0, 8, 0, 1]",0.0,-0.37232621598435167
"[9, 7, 0, 2]",0.0,-0.45078152864215704
"[9, 6, 0, 3]",-0.13656574595101376,-0.3165047892574439
"[9, 2, 0, 3]",-0.04916270541307317,-0.455690430865482
"[8, 1, 0, 3]",-0.06742048490006526,-0.5304962619253922
"[7, 0, 1, 0]",0.0,-0.617528010719506
"[6, 0, 1, 1]",0.0,-0.30288356647896886
"[5, 0, 1, 2]",0.0,-0.4867542104564083
"[4, 0, 1, 3]",-0.2097733664830821,-0.39673782280998476
"[3, 0, 1, 3]",-0.2955899990829236,-0.4674220116757525
"[8, 9, 0, 0]",0.0,-0.29497599812399106
"[7, 9, 0, 1]",0.0,-0.3501824647916876
"[6, 9, 0, 2]",0.0,-0.5492573740569078
"[4, 9, 1, 0]",0.0,-0.3635416606191093
"[3, 9, 1, 1]",0.0,-0.38270408362071834
"[2, 9, 1, 2]",0.0,-0.43995867210196243
"[9, 8, 0, 3]",-0.04615656618846693,-0.27769428665809764
"[9, 7, 1, 0]",0.0,-0.07448019459170854
"[9, 6, 1, 1]",0.0,-0.11352127113621877
"[9, 5, 1, 2]",0.0,-0.33023366830422385
"[9, 3, 1, 3]",-0.2993493983241585,-0.3762496033582299
"[9, 2, 0, 0]",0.0,-0.5621075270501659
"[8, 0, 0, 2]",0.0,-1.1657035401982316
"[8, 2, 1, 3]",0.0,0.0
"[7, 1, 0, 0]",0.0,-0.11798907968263896
"[6, 0, 0, 1]",0.0,-0.9969567472778296
"[9, 8, 0, 2]",0.0,-0.37588241721323346
"[9, 7, 0, 3]",-0.09266211599056226,-0.37970586066267803
"[9, 6, 1, 0]",0.0,-0.16653699740331143
"[9, 5, 1, 1]",0.0,-0.16975016663376394
"[9, 4, 1, 2]",0.0,-0.5057027654335405
"[8, 3, 1, 3]",0.0,-0.008138705364810001
"[7, 2, 1, 3]",-0.010941898913151239,-0.11411016531929094
"[6, 1, 1, 3]",-0.0038152042447694577,-0.1873290709500596
"[5, 0, 0, 0]",0.0,-0.9942735831029776
"[9, 2, 1, 3]",-0.11603093970094436,-0.5280140910165888
"[9, 1, 0, 0]",0.0,-0.30723080243412926
"[9, 0, 0, 1]",0.0,-0.9999999999999996
"[7, 8, 1, 1]",0.0,-0.20154112581399516
"[6, 7, 1, 2]",0.0,-0.20154112581399516
"[5, 6, 1, 3]",0.0,-0.081
"[4, 5, 0, 0]",0.0,-0.09259005672857634
"[3, 4, 0, 1]",0.0,-0.09259005672857634
"[2, 3, 0, 2]",0.0,-0.10170414192227807
"[1, 2, 0, 3]",-0.0030903154382632605,-0.13513768091267964
"[0, 1, 1, 0]",0.0,-0.9992264459898547
"[0, 0, 1, 1]",0.0,-0.9999999999228042
"[7, 5, 0, 0]",0.0,-0.10254620241880436
"[6, 4, 0, 1]",0.0,-0.11528051658458004
"[5, 3, 0, 2]",0.0,-0.20269848807372065
"[4, 2, 0, 3]",-0.08758276207046663,-0.29988001752755766
"[3, 1, 1, 0]",0.0,-0.08758276207046663
"[2, 0, 1, 1]",0.0,-0.31716750245768327
"[1, 0, 1, 2]",0.0,-1.2175078147757044
"[4, 9, 0, 0]",0.0,-0.17283020797975532
"[3, 9, 0, 1]",0.0,-0.31585631467138114
"[2, 8, 0, 2]",0.0,-0.23044593377688102
"[1, 7, 0, 3]",-0.05563609365627091,-0.20281010261792154
"[0, 6, 0, 3]",-0.7712320754503901,-0.29772606601103835
"[0, 5, 1, 0]",0.0,-0.9994924712139436
"[0, 4, 1, 1]",0.0,-0.9999991791689895
"[0, 3, 1, 2]",0.0,-1.899999900774163
"[0, 2, 1, 3]",-0.9999999999374715,-1.5691798806487096
"[9, 8, 1, 1]",0.0,-0.41093883225899847
"[9, 7, 1, 2]",0.0,-0.5468827000235423
"[9, 6, 1, 3]",-0.10675276223889207,-0.5371458507212429
"[9, 0, 0, 3]",-0.9999999999999996,-1.167245325006979
"[2, 9, 0, 2]",0.0,-0.4795949019879181
"[8, 9, 1, 1]",0.0,-0.21882031660007803
"[7, 9, 1, 2]",0.0,-0.249880792176269
"[9, 1, 1, 0]",0.0,-0.06515935881495233
"[8, 0, 1, 2]",0.0,-0.4335374562304787
"[7, 0, 1, 3]",-0.19071150549879448,-0.5842956509769047
"[1, 8, 1, 1]",0.0,-0.44554688717936164
"[9, 5, 0, 0]",0.0,-0.309191738061787
"[9, 4, 0, 1]",0.0,-0.32941628527888517
"[9, 3, 0, 2]",0.0,-0.4665589213648652
"[6, 0, 1, 3]",-0.17466821572504293,-0.40935123847642507
"[5, 0, 1, 3]",-0.07066925146225025,-0.57420750711545
"[9, 5, 1, 0]",0.0,-0.1588815735668897
"[9, 4, 1, 1]",0.0,-0.15915029970521435
"[9, 3, 1, 2]",0.0,-0.3179933581370949
"[8, 1, 1, 3]",-0.0020275559590445255,-0.14840912351011595
"[9, 8, 0, 1]",0.0,-0.29635554975023115
"[7, 1, 1, 3]",0.0,-0.22764869771419174
"[6, 0, 0, 0]",0.0,-0.999999999696302
"[9, 3, 1, 0]",0.0,-0.2046474044564615
"[9, 2, 1, 1]",0.0,-0.23748609784241193
"[9, 1, 1, 2]",0.0,-0.3894491113447479
"[8, 1, 0, 0]",0.0,-0.08502484883044603
"[7, 0, 0, 1]",0.0,-0.9985444216570692
"[6, 1, 0, 2]",0.0,-1.2129736821813437
"[5, 0, 0, 3]",-0.9690968456173674,-0.983083240259256
"[3, 0, 1, 0]",0.0,-0.5303215889025472
"[0, 8, 1, 3]",-0.9999999999950124,-1.7082225972539942
"[5, 4, 0, 0]",0.0,-0.14024778570444013
"[4, 3, 0, 1]",0.0,-0.14024778570444013
"[3, 2, 0, 2]",0.0,-0.41989832174083824
"[2, 1, 0, 3]",-0.41787680721151366,-0.4458071677534255
"[1, 0, 0, 3]",-0.9817519963685992,-1.0075118368361993
"[0, 1, 0, 3]",-0.9113706188034749,-1.0039349326764526
"[0, 8, 0, 3]",-0.40951000000000004,-0.1585862177032139
"[4, 8, 1, 0]",0.0,-0.016228363869986565
"[3, 7, 1, 1]",0.0,-0.016228363869986565
"[2, 6, 1, 2]",0.0,-0.059870784437590724
"[1, 5, 1, 3]",-0.017099150981553183,-0.3439286884316133
"[0, 4, 1, 3]",-0.99999999999596,-1.5188765745482358
"[0, 3, 1, 3]",-0.9999999999999953,-1.7779625105334125
"[8, 2, 1, 2]",0.0,-0.05581157190939106
"[8, 6, 1, 2]",0.0,0.0
"[7, 5, 1, 3]",0.0,0.0
"[6, 4, 1, 3]",0.0,0.0
"[5, 3, 1, 3]",0.0,0.0
"[4, 2, 1, 3]",0.0,-0.07151174876532747
"[3, 1, 0, 0]",0.0,-0.08518682687434616
"[2, 0, 0, 1]",0.0,-0.9999806367402109
"[8, 1, 1, 0]",0.0,-0.08317110797220408
"[7, 0, 1, 1]",0.0,-0.4908232768231521
"[6, 0, 1, 2]",0.0,-0.3132594029848572
"[8, 2, 0, 2]",0.0,-0.5004417235636629
"[7, 1, 0, 3]",-0.09974103413541566,-0.6803728412617549
"[6, 0, 1, 0]",0.0,-0.18009850910090983
"[5, 0, 1, 1]",0.0,-0.13731838672478508
"[4, 0, 1, 2]",0.0,-0.33076452932699074
"[0, 8, 0, 2]",0.0,-0.2639534974089249
"[8, 4, 1, 2]",0.0,-0.013752999060425998
"[7, 3, 1, 3]",0.0,-0.081
"[6, 2, 0, 0]",0.0,-0.04631264093105346
"[5, 1, 0, 1]",0.0,-0.055279095595352594
"[4, 0, 0, 2]",0.0,-1.1615380740560726
"[8, 7, 1, 1]",0.0,0.0
"[7, 6, 1, 2]",0.0,0.0
"[6, 5, 1, 3]",0.0,-0.0729
"[5, 4, 1, 3]",0.0,-0.1
"[4, 3, 1, 3]",0.0,0.0
"[3, 2, 0, 0]",0.0,-0.29472931509798334
"[2, 1, 0, 1]",0.0,-0.313694176043146
"[1, 0, 0, 2]",0.0,-1.3013826154011219
"[8, 4, 0, 2]",0.0,-0.5616353918067691
"[7, 3, 0, 3]",-0.2577859910948302,-0.33224431896886286
"[6, 2, 1, 0]",0.0,-0.2577859910948302
"[5, 1, 1, 1]",0.0,-0.2577859910948302
"[8, 4, 0, 1]",0.0,-0.26078248307743795
"[7, 3, 0, 2]",0.0,-0.37519395059420735
"[6, 2, 0, 3]",-0.22342987915128087,-0.4159719004227898
"[5, 1, 1, 0]",0.0,-0.22342987915128087
"[4, 0, 1, 1]",0.0,-0.39552847824015613
"[3, 0, 1, 2]",0.0,-0.438937005569653
"[8, 7, 1, 3]",0.0,-0.081
"[7, 6, 1, 3]",0.0,-0.1539
"[6, 5, 0, 0]",0.0,-0.04444259863405771
"[5, 4, 0, 1]",0.0,-0.19055221793392801
"[4, 3, 0, 2]",0.0,-0.2829934578008281
"[3, 2, 0, 3]",-0.1188598612377754,-0.3079430376552029
"[2, 1, 1, 0]",0.0,-0.1188598612377754
"[8, 4, 1, 1]",0.0,-0.001197251518256202
"[7, 3, 1, 2]",0.0,-0.001197251518256202
"[6, 2, 1, 3]",0.0,-0.1
"[5, 1, 0, 0]",0.0,-0.160921118380978
"[4, 0, 0, 1]",0.0,-0.9995432240925493
"[7, 8, 0, 1]",0.0,-0.35887116461007057
"[6, 7, 0, 2]",0.0,-0.49185619421823723
"[5, 6, 0, 3]",-0.24298985522902827,-0.34228402489
"[4, 5, 1, 0]",0.0,-0.24298985522902827
"[3, 4, 1, 1]",0.0,-0.24298985522902827
"[2, 3, 1, 2]",0.0,-0.2965448733878258
"[1, 2, 1, 3]",-0.013102053947174125,-0.3779736391086708
"[0, 1, 0, 0]",0.0,-0.02163955757429282
"[0, 8, 1, 0]",0.0,-0.9999635646105794
"[0, 7, 1, 1]",0.0,-0.9999998309981739
"[0, 6, 1, 2]",0.0,-1.8999999999550279
"[4, 8, 1, 3]",0.0,-0.3175027645229367
"[3, 7, 0, 0]",0.0,-0.16181224294223226
"[2, 6, 0, 1]",0.0,-0.1748692632780809
"[1, 5, 0, 2]",0.0,-0.6363762986795233
"[0, 4, 0, 3]",-0.6513215599,-0.3677727071553576
"[2, 8, 0, 3]",-0.0003027340217510632,-0.23042159657394162
"[1, 7, 1, 0]",0.0,-0.0003027340217510632
"[0, 6, 1, 1]",0.0,-0.9999999652040227
"[0, 5, 1, 2]",0.0,-1.8999999916814827
"[8, 1, 0, 2]",0.0,-1.2825788966520937
"[7, 0, 0, 3]",-0.9835767967317393,-0.9976246348890241
"[6, 8, 0, 2]",0.0,-0.18352343141851402
"[5, 7, 0, 3]",-0.15982128169966656,-0.18254243128847475
"[4, 6, 1, 0]",0.0,-0.15982128169966656
"[3, 5, 1, 1]",0.0,-0.15982128169966656
"[2, 4, 1, 2]",0.0,-0.15982128169966656
"[1, 3, 1, 3]",0.0,-0.41048730217665297
"[0, 2, 0, 0]",0.0,-0.004710128697246246
"[8, 7, 0, 3]",0.0,-0.0981
"[7, 6, 1, 0]",0.0,0.0
"[6, 5, 1, 1]",0.0,0.0
"[5, 4, 1, 2]",0.0,0.0
"[0, 3, 0, 3]",-0.5695327900000001,-0.4382787145107658
"[0, 2, 1, 0]",0.0,-0.9999980931625188
"[0, 1, 1, 1]",0.0,-0.9999998891179019
"[8, 2, 1, 0]",0.0,-0.06461434412396559
"[7, 1, 1, 1]",0.0,-0.06461434412396559
"[4, 6, 0, 3]",-0.1461129930219968,-0.18603818969477287
"[3, 5, 1, 0]",0.0,-0.1461129930219968
"[2, 4, 1, 1]",0.0,-0.1461129930219968
"[1, 3, 1, 2]",0.0,-1.0268847574092745
"[8, 4, 1, 0]",0.0,-0.02235664931482345
"[7, 3, 1, 1]",0.0,-0.02235664931482345
"[6, 2, 1, 2]",0.0,-0.02235664931482345
"[5, 1, 1, 3]",0.0,-0.20455158678693824
"[0, 7, 1, 3]",-0.9999999999999911,-1.8324105939192876
"[8, 3, 0, 0]",0.0,-0.3568311614642344
"[7, 2, 0, 1]",0.0,-0.3568311614642344
"[4, 0, 1, 0]",0.0,-0.40396309212758513
"[3, 0, 1, 1]",0.0,-0.33940067840521476
"[2, 0, 1, 2]",0.0,-0.527644505386635
"[6, 8, 1, 3]",0.0,-0.115946721
"[5, 7, 0, 0]",0.0,-0.1846718347120029
"[4, 6, 0, 1]",0.0,-0.1846718347120029
"[3, 5, 0, 2]",0.0,-0.2740417366037068
"[2, 4, 0, 3]",-0.10688962701840715,-0.24979152542456703
"[1, 3, 1, 0]",0.0,-0.10688962701840715
"[0, 2, 1, 1]",0.0,-0.9999885661887271
"[0, 1, 1, 2]",0.0,-1.8999985082463429
"[2, 8, 0, 1]",0.0,-0.25299006892745984
"[1, 7, 0, 2]",0.0,-0.54992175466406
"[6, 4, 0, 0]",0.0,-0.20207964406815176
"[5, 3, 0, 1]",0.0,-0.21519164364800866
"[4, 2, 0, 2]",0.0,-0.44468752452275045
"[3, 1, 0, 3]",-0.17978355881336847,-0.583009373681658
"[2, 0, 0, 3]",-0.9903022627021246,-1.024937366347377
"[8, 0, 1, 1]",0.0,-0.37506252915743726
"[7, 0, 1, 2]",0.0,-0.612742974801799
"[3, 8, 0, 0]",0.0,-0.10021226083873035
"[2, 7, 0, 1]",0.0,-0.18019103475485732
"[1, 6, 0, 2]",0.0,-0.47931022726998224
"[0, 5, 0, 3]",-0.46855900000000006,-0.3059080460916054
"[3, 7, 1, 3]",-0.004875384371635214,-0.26501356703144197
"[2, 6, 0, 0]",0.0,-0.12833784663331174
"[1, 5, 0, 1]",0.0,-0.12833784663331174
"[0, 4, 0, 2]",0.0,-0.19504450036509385
"[8, 3, 0, 1]",0.0,-0.2818342063219669
"[7, 2, 0, 2]",0.0,-0.5663057921456542
"[6, 1, 0, 3]",-0.16157899304040835,-0.5320109783074779
"[5, 8, 0, 3]",-0.03830152783029251,-0.257149
"[4, 7, 1, 0]",0.0,-0.06834627032166438
"[3, 6, 1, 1]",0.0,-0.06834627032166438
"[2, 5, 1, 2]",0.0,-0.12540913490520464
"[1, 4, 1, 3]",-0.025788614721173816,-0.4732877397617525
"[8, 2, 1, 1]",0.0,-0.10068286548811974
"[7, 1, 1, 2]",0.0,-0.375626626673875
"[6, 8, 1, 2]",0.0,-0.1356023877109027
"[5, 7, 1, 3]",0.0,-0.171
"[4, 6, 0, 0]",0.0,-0.1467647628717678
"[3, 5, 0, 1]",0.0,-0.19256845071482187
"[2, 4, 0, 2]",0.0,-0.23769072319416412
"[1, 3, 0, 3]",-0.06312953870291109,-0.2219744480270435
"[8, 6, 0, 2]",0.0,-0.26738140020066054
"[6, 4, 1, 0]",0.0,-0.001650627635886692
"[5, 3, 1, 1]",0.0,-0.001650627635886692
"[4, 2, 1, 2]",0.0,-0.0074332927393659385
"[3, 1, 1, 3]",-0.0011730268615102646,-0.17436882011436486
"[2, 0, 0, 0]",0.0,-0.9999500200419472
"[2, 8, 1, 3]",-5.313063941649231e-05,-0.17859897740921823
"[1, 7, 0, 0]",0.0,-0.23173297603454396
"[0, 6, 0, 1]",0.0,-0.23198342709548592
"[4, 8, 1, 1]",0.0,-0.24413574982922362
"[3, 7, 1, 2]",0.0,-0.25096018213181703
"[2, 6, 1, 3]",-0.0012010704128370478,-0.38720545525604433
"[0, 4, 0, 0]",0.0,-0.01682685555274979
"[0, 8, 0, 0]",0.0,-0.07391048768088505
"[8, 1, 1, 2]",0.0,-0.26873689975375636
"[4, 8, 0, 2]",0.0,-0.18774882506674603
"[3, 7, 0, 3]",-0.16755192806280228,-0.11984366117151816
"[2, 6, 0, 3]",-0.04383430292744944,-0.2984534033603445
"[1, 5, 1, 0]",0.0,-0.04383430292744944
"[8, 7, 0, 1]",0.0,-0.24076387104400918
"[7, 6, 0, 2]",0.0,-0.3103412238398284
"[6, 5, 0, 3]",-0.028389557344974403,-0.19161974106126176
"[5, 4, 0, 3]",-0.054534335656238664,-0.258682969
"[4, 3, 1, 0]",0.0,-0.12743433565623866
"[3, 2, 1, 1]",0.0,-0.12743433565623866
"[2, 1, 1, 2]",0.0,-0.22631396767516598
"[5, 8, 0, 1]",0.0,-0.32182706352071183
"[4, 7, 0, 2]",0.0,-0.5081646826488083
"[2, 5, 1, 0]",0.0,-0.20925533752188424
"[1, 4, 1, 1]",0.0,-0.20925533752188424
"[4, 8, 0, 0]",0.0,-0.20878151366597802
"[3, 7, 0, 1]",0.0,-0.20878151366597802
"[2, 6, 0, 2]",0.0,-0.28779086666367615
"[1, 5, 0, 3]",-0.07155897390660113,-0.38888349302231007
"[0, 4, 1, 0]",0.0,-0.9999924982764239
"[8, 4, 0, 0]",0.0,-0.0570750213066707
"[7, 3, 0, 1]",0.0,-0.07196803153152652
"[6, 2, 0, 2]",0.0,-0.24338085295868028
"[5, 1, 0, 3]",-0.1431028507772992,-0.5994036955303722
"[4, 0, 0, 3]",-0.9866972053527088,-0.9870216514622148
"[5, 4, 1, 0]",0.0,-0.028389557344974403
"[4, 3, 1, 1]",0.0,-0.028389557344974403
"[3, 2, 1, 2]",0.0,-0.028389557344974403
"[2, 1, 1, 3]",0.0,-0.027807219655252825
"[4, 5, 1, 3]",-0.1,-0.06859929832545299
"[3, 4, 0, 0]",0.0,-0.2702774056268851
"[2, 3, 0, 1]",0.0,-0.2702774056268851
"[1, 2, 0, 2]",0.0,-0.9342898397320605
"[0, 0, 1, 0]",0.0,-0.9993734212517822
"[2, 5, 0, 0]",0.0,-0.3356801110606551
"[1, 4, 0, 1]",0.0,-0.3715729311352703
"[0, 3, 0, 2]",0.0,-0.4361568364089519
"[0, 7, 1, 0]",0.0,-0.9980033218889841
"[1, 8, 0, 0]",0.0,-0.43057493376329614
"[0, 7, 0, 1]",0.0,-0.43329427027431666
"[3, 8, 1, 2]",0.0,-0.26760577674260816
"[2, 7, 1, 3]",-0.013508517176729925,-0.2735702974154628
"[1, 6, 0, 0]",0.0,-0.4831422744184139
"[0, 5, 0, 1]",0.0,-0.4831676069034798
"[8, 6, 0, 3]",-0.044016494729787525,-0.18487472034889768
"[6, 8, 1, 1]",0.0,-0.12945707392159556
"[5, 7, 1, 2]",0.0,-0.19506707392159553
"[4, 6, 1, 3]",0.0,-0.16484190788785186
"[3, 5, 1, 3]",-0.11853020188851843,-0.06532249186788898
"[2, 4, 1, 3]",-0.013508517176729925,-0.14904900000000004
"[2, 8, 0, 0]",0.0,-0.12110412598452597
"[1, 7, 0, 1]",0.0,-0.12152185968608652
"[0, 6, 0, 2]",0.0,-0.21300403748448163
"[5, 8, 1, 2]",0.0,-0.26947584273036085
"[4, 7, 1, 3]",-0.09,-0.17501631514916832
"[3, 6, 1, 3]",-0.060691320326826066,-0.27138807915495083
"[2, 5, 1, 3]",-0.12420707191969012,-0.08662369750591774
"[0, 3, 0, 0]",0.0,-0.025761225446674293
"[3, 1, 0, 2]",0.0,-1.2126744817519948
"[1, 0, 1, 0]",0.0,-0.8055727941032307
"[8, 4, 0, 3]",-0.26717451165526257,-0.35045959495353557
"[4, 8, 1, 2]",0.0,-0.3364602165435246
"[3, 8, 1, 1]",0.0,-0.2223593949091315
"[2, 7, 1, 2]",0.0,-0.28331017354319465
"[1, 6, 1, 3]",-0.055204386459056926,-0.25716709932068776
"[0, 5, 0, 0]",0.0,-0.055204386459056926
"[3, 6, 0, 0]",0.0,-0.30618300006910776
"[2, 5, 0, 1]",0.0,-0.33210266989398135
"[1, 4, 0, 2]",0.0,-0.7056281072265956
"[5, 8, 1, 0]",0.0,-0.014294033897857817
"[4, 7, 1, 1]",0.0,-0.014294033897857817
"[3, 6, 1, 2]",0.0,-0.07392220485934897
"[8, 5, 0, 3]",-0.16498049237150397,-0.34123510265309576
"[7, 4, 1, 0]",0.0,-0.237880492371504
"[6, 3, 1, 1]",0.0,-0.237880492371504
"[5, 2, 1, 2]",0.0,-0.25323979931380947
"[4, 1, 1, 3]",-0.1,-0.18518212573342113
"[3, 0, 0, 0]",0.0,-0.9994924712139436
"[0, 8, 1, 2]",0.0,-1.8999999999909807
"[8, 2, 0, 3]",-0.058432607393218566,-0.4631807836259492
"[6, 0, 0, 3]",-0.9998955043236684,-1.0666071490798688
"[3, 8, 0, 3]",0.0,-0.2806585172454961
"[2, 7, 1, 0]",0.0,0.0
"[1, 6, 1, 1]",0.0,-0.0531441
"[6, 8, 0, 0]",0.0,-0.0222203371792628
"[5, 7, 0, 1]",0.0,-0.022866173725636672
"[4, 6, 0, 2]",0.0,-0.07395473304444158
"[3, 5, 0, 3]",-0.037468011899332986,-0.32648777071392293
"[2, 4, 1, 0]",0.0,-0.04149288624138173
"[1, 3, 1, 1]",0.0,-0.04149288624138173
"[4, 8, 0, 1]",0.0,-0.11798856649532251
"[3, 7, 0, 2]",0.0,-0.20862312034028022
"[1, 8, 0, 3]",-0.023449434144663238,-0.13102671193787688
"[0, 7, 0, 3]",-0.68618940391,-0.26132242898602703
"[0, 6, 1, 0]",0.0,-0.9999998767976688
"[0, 5, 1, 1]",0.0,-0.9999999989246946
"[0, 4, 1, 2]",0.0,-1.8999999999945942
"[7, 8, 1, 0]",0.0,0.0
"[6, 7, 1, 1]",0.0,-0.081
"[5, 6, 1, 2]",0.0,-0.09429959468625901
"[4, 0, 0, 0]",0.0,-0.9999872957652524
"[1, 8, 0, 1]",0.0,-0.28132192213234897
"[0, 7, 0, 2]",0.0,-0.3516535222877881
"[8, 5, 1, 0]",0.0,-0.017323721421499377
"[7, 4, 1, 1]",0.0,-0.017323721421499377
"[6, 3, 1, 2]",0.0,-0.017323721421499377
"[5, 2, 1, 3]",0.0,-0.081
"[1, 8, 1, 0]",0.0,0.0
"[4, 8, 0, 3]",-0.026404086909768903,-0.1924033078079916
"[3, 7, 1, 0]",0.0,-0.03856175236882584
"[2, 6, 1, 1]",0.0,-0.047424690488478326
"[1, 5, 1, 2]",0.0,-0.93443313338169
"[8, 1, 0, 1]",0.0,-0.2058388947735709
"[7, 0, 0, 2]",0.0,-1.1524395438345505
"[6, 8, 1, 0]",0.0,-0.012157665459056933
"[5, 7, 1, 1]",0.0,-0.012157665459056933
"[4, 6, 1, 2]",0.0,-0.054092178249220295
"[2, 4, 0, 0]",0.0,-0.21631227033537237
"[1, 3, 0, 1]",0.0,-0.22707690875680825
"[0, 2, 0, 2]",0.0,-0.38226816740860964
"[8, 7, 1, 0]",0.0,0.0
"[7, 6, 1, 1]",0.0,0.0
"[6, 5, 1, 2]",0.0,0.0
"[3, 2, 1, 3]",0.0,0.0
"[1, 0, 0, 0]",0.0,-0.999630011514965
"[0, 3, 1, 0]",0.0,-0.9997815254994716
"[7, 8, 0, 3]",0.0,-0.008100000000000001
"[6, 7, 1, 0]",0.0,-0.02058911320946491
"[5, 6, 1, 1]",0.0,-0.02058911320946491
"[4, 5, 1, 2]",0.0,-0.044576644856170876
"[3, 4, 1, 3]",-0.012157665459056933,-0.1
"[2, 3, 1, 3]",-0.1,-0.010089143511307014
"[1, 2, 0, 0]",0.0,-0.5944997226966554
"[0, 1, 0, 1]",0.0,-0.5957133294877955
"[3, 0, 0, 2]",0.0,-1.2154866523083796
"[2, 8, 1, 2]",0.0,-0.24196770800555092
"[1, 7, 1, 3]",-0.02181621944857501,-0.8006175431398991
"[1, 1, 0, 3]",-0.40951,-0.4485726184905622
"[0, 0, 0, 3]",-0.34390000000000004,-0.3211265562804651
"[8, 5, 1, 3]",0.0,0.0
"[7, 4, 1, 3]",0.0,-0.1
"[6, 3, 1, 3]",0.0,-0.09
"[5, 2, 0, 0]",0.0,-0.13040604098219194
"[4, 1, 0, 1]",0.0,-0.13862505110401932
"[1, 4, 0, 3]",-0.1062039706571235,-0.41681995884999873
"[8, 2, 0, 0]",0.0,-0.08870661860190723
"[7, 1, 0, 1]",0.0,-0.170120393909863
"[6, 0, 0, 2]",0.0,-1.1710496265154866
"[2, 3, 0, 0]",0.0,-0.09790222524266924
"[1, 2, 0, 1]",0.0,-0.10924800373048016
"[0, 1, 0, 2]",0.0,-0.9905612243996456
"[6, 8, 0, 1]",0.0,-0.26962808818609474
"[5, 7, 0, 2]",0.0,-0.37008227161858354
"[0, 2, 0, 3]",-0.6513215599,-0.2749567182983813
"[8, 0, 1, 0]",0.0,-0.635565329934981
"[8, 1, 1, 1]",0.0,-0.1154875489647344
"[4, 3, 0, 3]",-0.22381869136811228,-0.271053561129977
"[3, 2, 1, 0]",0.0,-0.22381869136811228
"[2, 1, 1, 1]",0.0,-0.22381869136811228
"[8, 6, 0, 0]",0.0,-0.24505020974931802
"[7, 5, 0, 1]",0.0,-0.3507226621257108
"[6, 4, 0, 2]",0.0,-0.5727967305915027
"[5, 3, 0, 3]",-0.35703295861199047,-0.24030979980203312
"[8, 6, 1, 0]",0.0,-0.002252839954493918
"[7, 5, 1, 1]",0.0,-0.002252839954493918
"[6, 4, 1, 2]",0.0,-0.002252839954493918
"[7, 4, 0, 0]",0.0,-0.19101829149739954
"[6, 3, 0, 1]",0.0,-0.18138905450545487
"[5, 2, 0, 2]",0.0,-0.49824334523319647
"[8, 7, 1, 2]",0.0,-0.1563627737444134
"[2, 8, 1, 1]",0.0,-0.15766108472081303
"[1, 7, 1, 2]",0.0,-1.057504186224088
"[7, 5, 1, 0]",0.0,-0.044016494729787525
"[6, 4, 1, 1]",0.0,-0.044016494729787525
"[5, 3, 1, 2]",0.0,-0.044016494729787525
"[0, 6, 0, 0]",0.0,-0.023553452220561506
"[5, 8, 1, 1]",0.0,-0.1364904327503039
"[4, 7, 1, 2]",0.0,-0.17323273741177922
"[2, 8, 1, 0]",0.0,-0.005233476330273607
"[1, 7, 1, 1]",0.0,-0.005233476330273607
"[7, 3, 0, 0]",0.0,-0.1457541471520501
"[6, 2, 0, 1]",0.0,-0.1457541471520501
"[5, 1, 0, 2]",0.0,-1.0014953882887463
"[4, 5, 0, 3]",-0.13579654634776656,-0.3517223108509
"[3, 4, 0, 3]",-0.09142308218672997,-0.35842868647361414
"[2, 3, 0, 3]",-0.11702668889875463,-0.17220636851205623
"[7, 0, 0, 0]",0.0,-0.9994360791266039
"[2, 7, 0, 3]",-0.03381869136811225,-0.1631436774112795
"[1, 6, 1, 0]",0.0,-0.03381869136811225
"[3, 5, 0, 0]",0.0,-0.11313425906286434
"[2, 4, 0, 1]",0.0,-0.1091108331565779
"[1, 3, 0, 2]",0.0,-0.46753653427340647
"[1, 5, 0, 0]",0.0,-0.5049485486496783
"[0, 4, 0, 1]",0.0,-0.5049485486496783
"[5, 8, 0, 0]",0.0,-0.14554561917240721
"[4, 7, 0, 1]",0.0,-0.3016564543289725
"[3, 6, 0, 2]",0.0,-0.4027741767495168
"[4, 2, 1, 0]",0.0,-0.35703295861199047
"[3, 1, 1, 1]",0.0,-0.35703295861199047
"[7, 8, 1, 2]",0.0,-0.14771350690972226
"[6, 7, 1, 3]",0.0,-0.1
"[5, 6, 0, 0]",0.0,-0.09373666462267043
"[4, 5, 0, 1]",0.0,-0.0916529981604034
"[3, 4, 0, 2]",0.0,-0.1488905909357069
"[1, 2, 1, 0]",0.0,-0.13053520607548455
"[8, 4, 1, 3]",0.0,-0.09
"[8, 5, 1, 1]",0.0,-0.09115011981931907
"[7, 4, 1, 2]",0.0,-0.09115011981931907
"[8, 6, 1, 1]",0.0,-0.038742048900000006
"[7, 5, 1, 2]",0.0,-0.038742048900000006
"[4, 2, 0, 0]",0.0,-0.1644499480022094
"[3, 1, 0, 1]",0.0,-0.18925137792082591
"[2, 0, 0, 2]",0.0,-1.1497453536427216
"[8, 5, 0, 0]",0.0,-0.10784166011616246
"[7, 4, 0, 1]",0.0,-0.10784166011616246
"[6, 3, 0, 2]",0.0,-0.23863490606874305
"[4, 1, 1, 0]",0.0,-0.06489335335412749
"[8, 6, 1, 3]",0.0,-0.09
"[1, 8, 1, 2]",0.0,-1.171282720484827
"[3, 6, 1, 0]",0.0,-0.08568974020681111
"[2, 5, 1, 1]",0.0,-0.13351943020681112
"[1, 4, 1, 2]",0.0,-1.0346107424399695
"[8, 5, 1, 2]",0.0,-0.0729
"[8, 0, 0, 1]",0.0,-0.9997572505549683
"[5, 0, 1, 0]",0.0,-0.6833062123520451
"[7, 8, 1, 3]",0.0,-0.1
"[8, 3, 1, 1]",0.0,-0.11810914567018864
"[7, 2, 1, 2]",0.0,-0.13017182376871922
"[5, 3, 0, 0]",0.0,-0.23498869775505876
"[4, 2, 0, 1]",0.0,-0.23161589804151103
"[1, 8, 1, 3]",-0.09096977372978753,-0.42814685591078366
"[8, 2, 0, 1]",0.0,-0.4609567654141299
"[7, 1, 0, 2]",0.0,-1.4588171308143754
"[1, 4, 0, 0]",0.0,-0.6248134333049598
"[0, 3, 0, 1]",0.0,-0.6249722798569828
"[2, 6, 1, 0]",0.0,-0.17515499757664477
"[1, 5, 1, 1]",0.0,-0.17515499757664477
"[0, 7, 0, 0]",0.0,-0.10588225988650869
"[7, 1, 1, 0]",0.0,-0.058432607393218566
"[3, 8, 1, 3]",-0.0485897579218361,-0.19
"[2, 7, 0, 0]",0.0,-0.16893004886997554
"[1, 6, 0, 1]",0.0,-0.17364017756722186
"[0, 5, 0, 2]",0.0,-0.2825459814755611
"[7, 4, 0, 3]",-0.21883281848337013,-0.43354340692499993
"[6, 3, 1, 0]",0.0,-0.21883281848337013
"[5, 2, 1, 1]",0.0,-0.21883281848337013
"[4, 1, 1, 2]",0.0,-0.3829421045319366
"[7, 8, 0, 2]",0.0,-0.3428838521106316
"[6, 7, 0, 3]",-0.0708434763302736,-0.17574904571279226
"[5, 6, 1, 0]",0.0,-0.0708434763302736
"[4, 5, 1, 1]",0.0,-0.0708434763302736
"[3, 4, 1, 2]",0.0,-0.07342281078371339
"[8, 5, 0, 2]",0.0,-0.6214274204887
"[6, 8, 0, 3]",-0.02395431882139158,-0.28133641000000004
"[5, 7, 1, 0]",0.0,-0.02395431882139158
"[4, 6, 1, 1]",0.0,-0.04248452070991
"[3, 5, 1, 2]",0.0,-0.07440267907892066
"[1, 3, 0, 0]",0.0,-0.3015552137992666
"[0, 2, 0, 1]",0.0,-0.3015552137992666
"[8, 3, 1, 2]",0.0,-0.04836435317188355
"[6, 1, 0, 0]",0.0,-0.17205720785851358
"[5, 0, 0, 1]",0.0,-0.997534965295042
"[5, 2, 1, 0]",0.0,-0.034459209864822926
"[4, 1, 1, 1]",0.0,-0.034459209864822926
"[3, 8, 0, 1]",0.0,-0.04152651914962579
"[2, 7, 0, 2]",0.0,-0.04429278527014873
"[1, 6, 0, 3]",-0.00046383976865881023,-0.1977682994409363
"[8, 0, 0, 0]",0.0,-0.999938296348083
"[7, 6, 0, 1]",0.0,-0.21269788841811588
"[6, 5, 0, 2]",0.0,-0.32679196972600233
"[8, 3, 0, 3]",-0.31377543695181187,-0.37964519120212403
"[7, 2, 0, 3]",-0.01694220099702243,-0.2299565305365036
"[6, 1, 1, 0]",0.0,-0.01694220099702243
"[1, 8, 0, 2]",0.0,-0.4539381005592886
"[4, 1, 0, 0]",0.0,-0.06909662793925843
"[3, 0, 0, 1]",0.0,-0.9948462247926799
"[8, 3, 0, 2]",0.0,-0.282881602506879
"[6, 7, 0, 1]",0.0,-0.1298035864600199
"[5, 6, 0, 2]",0.0,-0.29565079481206635
"[7, 3, 1, 0]",0.0,-0.26717451165526257
"[6, 2, 1, 1]",0.0,-0.26717451165526257
"[5, 1, 1, 2]",0.0,-0.41534349218670186
"[8, 7, 0, 0]",0.0,-0.17826821871698328
"[5, 8, 1, 3]",0.0,-0.068049
"[4, 7, 0, 0]",0.0,-0.07205028907338423
"[3, 6, 0, 1]",0.0,-0.10015137036557833
"[2, 5, 0, 2]",0.0,-0.18730919988127287
"[3, 4, 1, 0]",0.0,-0.13579654634776656
"[2, 3, 1, 1]",0.0,-0.17453859524776655
"[1, 2, 1, 2]",0.0,-0.9906135775914969
"[6, 7, 0, 0]",0.0,-0.2275869405167844
"[5, 6, 0, 1]",0.0,-0.2275869405167844
"[4, 5, 0, 2]",0.0,-0.35197847802211435
"[2, 3, 1, 0]",0.0,-0.09142308218672997
"[1, 2, 1, 1]",0.0,-0.09142308218672997
"[6, 3, 0, 0]",0.0,-0.1774371754600199
"[5, 2, 0, 1]",0.0,-0.1774371754600199
"[4, 1, 0, 2]",0.0,-1.0384649272534212
"[1, 1, 0, 0]",0.0,-0.8499053647030008
"[0, 0, 0, 1]",0.0,-0.8499053647030008
"[7, 2, 0, 0]",0.0,-0.11130733087727526
"[6, 1, 0, 1]",0.0,-0.25164795193329975
"[5, 0, 0, 2]",0.0,-1.1792336874908957
"[8, 7, 0, 2]",0.0,-0.29156124094061164
"[7, 6, 0, 3]",-0.016677181699666574,-0.2167188623788955
"[6, 5, 1, 0]",0.0,-0.016677181699666574
"[5, 4, 1, 1]",0.0,-0.016677181699666574
"[4, 3, 1, 2]",0.0,-0.016677181699666574
"[3, 8, 1, 0]",0.0,0.0
"[2, 7, 1, 1]",0.0,-0.0027812838944369345
"[1, 6, 1, 2]",0.0,-0.8799242915473586
"[4, 3, 0, 0]",0.0,-0.1280855412965493
"[3, 2, 0, 1]",0.0,-0.14185787355228638
"[2, 1, 0, 2]",0.0,-1.0043074711018487
"[8, 3, 1, 0]",0.0,-0.037196033309304016
"[7, 2, 1, 1]",0.0,-0.037196033309304016
"[6, 1, 1, 2]",0.0,-0.1117804186013283
"[7, 2, 1, 0]",0.0,-0.31377543695181187
"[6, 1, 1, 1]",0.0,-0.31377543695181187
"[3, 8, 0, 2]",0.0,-0.2172513214900238
"[2, 1, 0, 0]",0.0,-0.08388480782347887
"[1, 0, 0, 1]",0.0,-0.9656631617970748
"[7, 8, 0, 0]",0.0,-0.09087641099999999
"[7, 6, 0, 0]",0.0,-0.25573472585030105
"[6, 5, 0, 1]",0.0,-0.26291370572721956
"[5, 4, 0, 2]",0.0,-0.3858122661236705
"[1, 1, 0, 2]",0.0,-0.22977999999999998
