"[9, 9, 0, 3]",-0.2857688322303307,-0.7758800315875659
"[9, 9, 1, 0]",0.0,-0.31120509628865795
"[9, 9, 1, 1]",0.0,-0.3225553425593883
"[9, 9, 1, 2]",0.0,-0.42377854882417154
"[9, 9, 1, 3]",-0.044934903975291464,-0.23706188868136419
"[9, 9, 0, 0]",0.0,-0.4301058183796177
"[9, 9, 0, 1]",0.0,-0.5695473555407616
"[9, 9, 0, 2]",0.0,-0.8046730997500637
"[8, 9, 0, 2]",0.0,-0.4594535759636448
"[7, 9, 0, 3]",-0.1910587362442294,-0.529093876489483
"[6, 9, 1, 0]",0.0,-0.19152728706923164
"[5, 9, 1, 1]",0.0,-0.24744693611113522
"[4, 9, 1, 2]",0.0,-0.2711490253606214
"[3, 9, 1, 3]",-0.08150116549787986,-0.2890724771643213
"[2, 9, 1, 3]",-0.023872628393305038,-0.1727906149926102
"[1, 9, 1, 3]",-0.13058567021477144,-1.3382611889158578
"[0, 9, 1, 3]",-0.9999999999999996,-1.8999999999999986
"[8, 9, 1, 2]",0.0,-0.3628990234233183
"[7, 9, 1, 3]",-0.065640022922249,-0.3231951487364062
"[6, 9, 0, 0]",0.0,-0.11578293895951995
"[5, 9, 0, 1]",0.0,-0.17530149939751055
"[4, 9, 0, 2]",0.0,-0.48350081114725224
"[3, 9, 0, 3]",-0.24436898429351084,-0.5519009843509777
"[2, 9, 0, 3]",-0.3784626729755734,-0.5166608138927196
"[1, 9, 1, 0]",0.0,-0.3801435025678628
"[0, 9, 1, 1]",0.0,-0.9999999999999996
"[0, 9, 1, 2]",0.0,-1.8999999999999986
"[4, 9, 0, 0]",0.0,-0.2789488884244768
"[3, 9, 0, 1]",0.0,-0.30440279908043755
"[2, 9, 0, 2]",0.0,-0.617753236704928
"[1, 9, 0, 3]",-0.42187083165567324,-0.7421713569284052
"[0, 9, 1, 0]",0.0,-0.9999999999999996
"[8, 9, 1, 1]",0.0,-0.14519276740222245
"[7, 9, 1, 2]",0.0,-0.19967680907382218
"[6, 9, 1, 3]",-0.06791224396394946,-0.1463844720595352
"[5, 9, 0, 0]",0.0,-0.31725687067187436
"[4, 9, 0, 1]",0.0,-0.33537924111333045
"[3, 9, 0, 2]",0.0,-0.7053208678347624
"[0, 9, 0, 3]",-0.9999999911553292,-0.3864515486363094
"[1, 9, 0, 0]",0.0,-0.35508590115435645
"[0, 9, 0, 1]",0.0,-0.38066907237890013
"[9, 8, 1, 3]",-0.07111971875207097,-0.3347673375837941
"[9, 7, 1, 3]",-0.1397410848205841,-0.35407963175905127
"[9, 6, 0, 0]",0.0,-0.2950855935096134
"[9, 5, 0, 1]",0.0,-0.3467796160879337
"[9, 4, 0, 2]",0.0,-0.5993238433314455
"[9, 3, 0, 3]",-0.10745278336471989,-0.6382807308284856
"[9, 2, 1, 0]",0.0,-0.10802837609244581
"[9, 1, 1, 1]",0.0,-0.12018108177437593
"[9, 0, 1, 2]",0.0,-0.6520167727413736
"[9, 0, 1, 3]",-0.5123641892624022,-0.42906138894289425
"[9, 8, 1, 2]",0.0,-0.2661253893305719
"[9, 6, 1, 3]",-0.22105264534602925,-0.4343688506951007
"[9, 5, 0, 0]",0.0,-0.49701027599043746
"[9, 4, 0, 1]",0.0,-0.490658945738022
"[9, 3, 0, 2]",0.0,-0.6546154511598264
"[9, 2, 0, 3]",-0.21120600231989578,-0.49476755541587686
"[9, 1, 1, 0]",0.0,-0.21705734508939642
"[8, 0, 1, 1]",0.0,-0.40287199719381533
"[7, 0, 1, 2]",0.0,-0.5363498420577489
"[6, 0, 1, 3]",-0.3805515114078127,-0.5534788732872056
"[9, 8, 1, 0]",0.0,-0.01094358906431975
"[9, 7, 1, 1]",0.0,-0.012159983914394608
"[9, 6, 1, 2]",0.0,-0.26004788874732554
"[9, 5, 1, 3]",-0.17107693107484878,-0.23046366226772197
"[9, 4, 1, 3]",-0.008686315128926156,-0.266677463060464
"[9, 3, 1, 3]",-0.3824112904257587,-0.39399174285674726
"[9, 2, 1, 3]",-0.32507450922937586,-0.34482425598532845
"[9, 1, 1, 3]",-0.009312008440398405,-0.5347827543433665
"[9, 0, 0, 0]",0.0,-0.9999999999999996
"[9, 8, 0, 3]",-0.01564440461788985,-0.3020073891444548
"[9, 7, 0, 3]",-0.13872127761052142,-0.4744085089029594
"[9, 6, 1, 0]",0.0,-0.24079918165365727
"[9, 5, 1, 1]",0.0,-0.24101850958025364
"[9, 4, 1, 2]",0.0,-0.4616854101910501
"[9, 1, 0, 0]",0.0,-0.3594057711752274
"[9, 0, 0, 1]",0.0,-0.9999999999999996
"[5, 8, 1, 1]",0.0,-0.258033152090971
"[4, 7, 1, 2]",0.0,-0.258033152090971
"[3, 6, 1, 3]",0.0,-0.175301082995125
"[2, 5, 0, 0]",0.0,-0.0726419609827297
"[1, 4, 0, 1]",0.0,-0.07934847758880026
"[0, 3, 0, 2]",0.0,-0.2166922980446652
"[9, 1, 0, 3]",-0.32287811153378987,-1.2953776046460106
"[9, 0, 1, 0]",0.0,-0.5204532042009385
"[9, 0, 1, 1]",0.0,-0.420827310628879
"[8, 9, 1, 0]",0.0,-0.32017826596917953
"[7, 9, 1, 1]",0.0,-0.29192248603168114
"[6, 9, 1, 2]",0.0,-0.30394183107734946
"[5, 9, 1, 3]",-0.003815205909206784,-0.27070343941843145
"[4, 9, 1, 3]",-0.00381552727690235,-0.3485512759469244
"[3, 9, 0, 0]",0.0,-0.09351409735623925
"[2, 9, 0, 1]",0.0,-0.10721358930832703
"[1, 9, 0, 2]",0.0,-0.45845429532121973
"[9, 8, 1, 1]",0.0,-0.2927873621875689
"[9, 7, 1, 2]",0.0,-0.46640274828860423
"[9, 0, 0, 3]",-0.9999999999999996,-1.2240458973113646
"[8, 9, 0, 3]",-0.3201560419525396,-0.6343067455833538
"[9, 8, 0, 2]",0.0,-0.4156394345036434
"[9, 2, 0, 0]",0.0,-0.6728486833167947
"[9, 1, 0, 1]",0.0,-0.6662873564281858
"[9, 0, 0, 2]",0.0,-1.1880235677429276
"[9, 8, 0, 0]",0.0,-0.33981458268982123
"[9, 7, 0, 1]",0.0,-0.30910924583572874
"[9, 6, 0, 2]",0.0,-0.3992302726274683
"[9, 5, 0, 3]",-0.028444728330200515,-0.5848888663277627
"[9, 4, 0, 3]",-0.09983777344134787,-0.49806052175997884
"[9, 3, 1, 0]",0.0,-0.1170461922258135
"[9, 2, 1, 1]",0.0,-0.1464481252481003
"[9, 1, 1, 2]",0.0,-0.3927994325517274
"[9, 6, 0, 3]",-0.1617227129330582,-0.48311039889594004
"[9, 5, 1, 0]",0.0,-0.1699888117873588
"[8, 4, 1, 1]",0.0,-0.0974402384668641
"[7, 3, 1, 2]",0.0,-0.0974402384668641
"[6, 2, 1, 3]",0.0,-0.10687869
"[5, 1, 0, 0]",0.0,-0.033411538707846
"[4, 0, 0, 1]",0.0,-0.9999999965733934
"[8, 0, 1, 2]",0.0,-0.5368515662766544
"[7, 0, 1, 3]",-0.17225729117643065,-0.5949204994612013
"[5, 0, 1, 3]",-0.2703011590149983,-0.6980787211017278
"[4, 0, 1, 3]",-0.22009978495845914,-0.47047641336993024
"[9, 4, 1, 0]",0.0,-0.02729837857712932
"[9, 3, 1, 1]",0.0,-0.02510798155369747
"[9, 2, 1, 2]",0.0,-0.0642523814035388
"[8, 9, 0, 0]",0.0,-0.21701232448118757
"[7, 9, 0, 1]",0.0,-0.22063400276465855
"[6, 9, 0, 2]",0.0,-0.40130604494051836
"[5, 9, 0, 3]",-0.17598833485014298,-0.4898915830160987
"[4, 9, 1, 0]",0.0,-0.22516686869446983
"[3, 9, 1, 1]",0.0,-0.2826617728857752
"[2, 9, 1, 2]",0.0,-0.3615299201085
"[8, 5, 0, 3]",-0.17734374170558154,-0.33427632939034213
"[7, 4, 0, 3]",-0.08672717534627239,-0.296090584396039
"[6, 3, 0, 3]",-0.1984374355241315,-0.43244226266924934
"[5, 2, 0, 3]",-0.31233429754493847,-0.49716746419423136
"[4, 1, 1, 0]",0.0,-0.36016398754493845
"[3, 0, 1, 1]",0.0,-0.3614318221811949
"[2, 0, 1, 2]",0.0,-0.47994238371197956
"[1, 0, 1, 3]",-0.2832636246143479,-1.0796251686177598
"[0, 0, 1, 3]",-0.9999999999999996,-1.8999517566146338
"[8, 9, 0, 1]",0.0,-0.312667242778779
"[7, 9, 0, 2]",0.0,-0.623325170158184
"[6, 9, 0, 3]",-0.2849823410849367,-0.6209493865461136
"[4, 9, 0, 3]",-0.2485209496622871,-0.531035141276782
"[2, 9, 1, 0]",0.0,-0.3061483848666227
"[1, 9, 1, 1]",0.0,-0.3407441320097776
"[9, 7, 1, 0]",0.0,-0.01613140107019154
"[9, 6, 1, 1]",0.0,-0.018150500842690886
"[9, 5, 1, 2]",0.0,-0.031875585372361376
"[9, 7, 0, 0]",0.0,-0.29819799436934397
"[9, 6, 0, 1]",0.0,-0.31025778603891024
"[9, 5, 0, 2]",0.0,-0.4289532590383705
"[8, 0, 1, 3]",-0.15580954591455423,-0.6133280294047306
"[7, 9, 0, 0]",0.0,-0.18626676183554167
"[6, 9, 0, 1]",0.0,-0.20994293048541873
"[5, 9, 0, 2]",0.0,-0.6188379738502315
"[3, 9, 1, 0]",0.0,-0.2872630488191901
"[2, 9, 1, 1]",0.0,-0.28249877052691846
"[1, 9, 1, 2]",0.0,-1.1081681218351698
"[9, 8, 0, 1]",0.0,-0.2648884707678656
"[9, 7, 0, 2]",0.0,-0.42101350534467935
"[9, 4, 1, 1]",0.0,-0.250436203783609
"[9, 3, 1, 2]",0.0,-0.4391210563494091
"[8, 2, 1, 3]",0.0,-0.044228190526996
"[7, 1, 1, 3]",-5.639208733960172e-05,-0.14948619457343995
"[6, 0, 0, 0]",0.0,-0.9999999999999516
"[5, 6, 0, 1]",0.0,-0.18229796915904345
"[4, 5, 0, 2]",0.0,-0.2393741942149321
"[3, 4, 0, 3]",-0.04835242962130096,-0.28963851624334785
"[2, 3, 0, 3]",-0.35376870425169304,-0.23133723752216387
"[1, 2, 0, 3]",-0.02178886807576679,-0.5700786454020311
"[0, 1, 1, 0]",0.0,-0.9999991791689895
"[0, 0, 1, 1]",0.0,-0.9999999999999996
"[0, 0, 1, 2]",0.0,-1.8999999999999986
"[8, 9, 1, 3]",-0.06112666923913072,-0.3651291014960793
"[5, 9, 1, 0]",0.0,-0.319652794260437
"[4, 9, 1, 1]",0.0,-0.31963381194146884
"[3, 9, 1, 2]",0.0,-0.3619339815999675
"[0, 9, 0, 0]",0.0,-0.27184178417486277
"[8, 5, 1, 1]",0.0,-0.011322865442606342
"[7, 4, 1, 2]",0.0,-0.011322865442606342
"[6, 3, 1, 3]",0.0,-0.13782969
"[5, 2, 0, 0]",0.0,-0.10461088573993424
"[4, 1, 0, 1]",0.0,-0.22278390674728857
"[3, 0, 0, 2]",0.0,-1.2384397962472884
"[2, 7, 0, 3]",-0.021708282195862544,-0.3096990550204783
"[1, 6, 1, 0]",0.0,-0.021708282195862544
"[0, 5, 1, 1]",0.0,-0.9999999999999996
"[0, 4, 1, 2]",0.0,-1.8999999999999986
"[0, 3, 1, 3]",-0.9999999999999996,-1.8941218322324624
"[9, 2, 0, 2]",0.0,-0.7966577071687481
"[8, 5, 1, 3]",0.0,0.0
"[7, 4, 1, 3]",0.0,-0.09
"[6, 8, 0, 2]",0.0,-0.11200486141515376
"[5, 7, 0, 3]",-0.007264349928838322,-0.2955123542125156
"[4, 6, 0, 3]",-0.13373100082347433,-0.3959689782564563
"[3, 5, 0, 3]",-0.1701156235549092,-0.3587761920461746
"[2, 4, 1, 0]",0.0,-0.17110973066044083
"[1, 3, 1, 1]",0.0,-0.17534884648796242
"[0, 2, 1, 2]",0.0,-1.8999999999999986
"[0, 1, 1, 3]",-0.9999999999999996,-1.862751139726029
"[7, 4, 1, 0]",0.0,-0.17734374170558154
"[6, 3, 1, 1]",0.0,-0.17734374170558154
"[5, 2, 1, 2]",0.0,-0.1815727606257393
"[4, 1, 1, 3]",-0.00053656519088806,-0.2760770457103478
"[3, 0, 0, 0]",0.0,-0.9999980931625188
"[2, 8, 0, 3]",-0.06612743750696488,-0.2994167333587832
"[1, 7, 1, 0]",0.0,-0.06612743750696488
"[0, 6, 1, 1]",0.0,-0.9999999999999981
"[0, 5, 1, 2]",0.0,-1.8999999999999986
"[0, 4, 1, 3]",-0.9999999999999996,-1.858912102716336
"[9, 3, 0, 0]",0.0,-0.13299764705422945
"[9, 2, 0, 1]",0.0,-0.2770967299740211
"[9, 1, 0, 2]",0.0,-1.185897205504622
"[8, 0, 0, 3]",-0.9999973843107255,-1.0919057384678557
"[2, 8, 1, 2]",0.0,-0.1542961385311813
"[1, 7, 1, 3]",-0.03158507724799206,-0.6802852275004911
"[0, 6, 1, 3]",-0.9999999999999996,-1.8817528034570845
"[0, 5, 1, 3]",-0.9999999999999996,-1.8555846261036724
"[9, 4, 0, 0]",0.0,-0.46175829629302256
"[9, 3, 0, 1]",0.0,-0.4995808452963104
"[7, 9, 1, 0]",0.0,-0.3201565411800881
"[6, 9, 1, 1]",0.0,-0.3450808434628789
"[5, 9, 1, 2]",0.0,-0.374643077363424
"[2, 9, 0, 0]",0.0,-0.37018958863338075
"[1, 9, 0, 1]",0.0,-0.5442028247335671
"[0, 9, 0, 2]",0.0,-0.7647827888048395
"[8, 3, 1, 3]",0.0,-0.081
"[7, 2, 0, 0]",0.0,-0.1329886186709138
"[6, 1, 0, 1]",0.0,-0.181068263360169
"[5, 0, 0, 2]",0.0,-1.232560725379948
"[0, 8, 1, 3]",-0.9999999999999996,-1.8105492705110269
"[8, 6, 1, 2]",0.0,0.0
"[7, 5, 1, 3]",0.0,-0.04782969
"[6, 4, 1, 3]",0.0,-0.06561
"[5, 3, 0, 0]",0.0,-0.2323427441526354
"[4, 2, 0, 1]",0.0,-0.3551056042002306
"[3, 1, 0, 2]",0.0,-1.3699902763556728
"[2, 0, 0, 3]",-0.9999990879655439,-1.1311452216860047
"[5, 2, 1, 3]",0.0,-0.14727863194175392
"[4, 1, 0, 0]",0.0,-0.20356773117179036
"[3, 0, 0, 1]",0.0,-0.9999999928358169
"[0, 8, 0, 2]",0.0,-0.17020104729402497
"[0, 7, 1, 3]",-0.9999999999999996,-1.8679958763357465
"[7, 4, 0, 0]",0.0,-0.3808905698677183
"[6, 3, 0, 1]",0.0,-0.3851543476352103
"[5, 2, 0, 2]",0.0,-0.7730453397143875
"[4, 1, 0, 3]",-0.3909316326885442,-0.7699259926927462
"[3, 0, 1, 0]",0.0,-0.7012037122431046
"[2, 0, 1, 1]",0.0,-0.4407772903389868
"[1, 0, 1, 2]",0.0,-1.2930541484535656
"[1, 7, 0, 3]",-0.02304743531452113,-0.29118993495429474
"[0, 6, 0, 3]",-0.8146979811148158,-0.2016056128065139
"[8, 5, 1, 0]",0.0,-0.07023121574338217
"[7, 4, 1, 1]",0.0,-0.07023121574338217
"[6, 3, 1, 2]",0.0,-0.07023121574338217
"[3, 0, 1, 3]",-0.3007463126258184,-0.42044029140207917
"[2, 0, 1, 3]",-0.3975092393973006,-0.6334134512132733
"[8, 2, 0, 2]",0.0,-0.41689147237998064
"[7, 1, 0, 3]",-0.04541156029018368,-0.9834870131147435
"[6, 0, 0, 3]",-0.9999999746337325,-1.1806429845331057
"[1, 8, 1, 3]",-0.0043936786177191075,-0.3187926982699031
"[0, 7, 0, 0]",0.0,-0.0038886374813469327
"[8, 3, 1, 0]",0.0,-0.17434749760498333
"[7, 2, 1, 1]",0.0,-0.17434749760498333
"[6, 1, 1, 2]",0.0,-0.29112572915572144
"[6, 0, 1, 0]",0.0,-0.316032176653566
"[5, 0, 1, 1]",0.0,-0.26185863241395907
"[4, 0, 1, 2]",0.0,-0.40450206893359647
"[8, 6, 1, 0]",0.0,-0.09010621299836144
"[7, 5, 1, 1]",0.0,-0.09010621299836144
"[6, 4, 1, 2]",0.0,-0.09667488570431121
"[5, 3, 1, 3]",-0.1,-0.0657009447385258
"[4, 2, 0, 0]",0.0,-0.3217950631827421
"[3, 1, 0, 1]",0.0,-0.37894064640727665
"[2, 0, 0, 2]",0.0,-1.2796060087142225
"[0, 8, 1, 2]",0.0,-1.8999999999999986
"[8, 1, 1, 1]",0.0,-0.045660054584409186
"[0, 8, 1, 0]",0.0,-0.9999999979766232
"[0, 7, 1, 1]",0.0,-0.999999999999989
"[0, 6, 1, 2]",0.0,-1.8999999999999986
"[0, 2, 1, 3]",-0.9999999999999996,-1.8345183214597307
"[8, 7, 0, 3]",-0.11373235891632784,-0.36108310910725894
"[7, 6, 0, 3]",-0.07074802078976672,-0.36761391125916393
"[6, 5, 1, 0]",0.0,-0.07079877366837237
"[5, 4, 1, 1]",0.0,-0.07079877366837237
"[4, 3, 1, 2]",0.0,-0.0711211407274118
"[3, 2, 1, 3]",-4.110983167056964e-05,-0.1376763249528498
"[2, 1, 1, 3]",-0.00017429393311698752,-0.3637423080805251
"[1, 8, 0, 1]",0.0,-0.025971027345712563
"[0, 7, 0, 2]",0.0,-0.12413396672525924
"[8, 4, 0, 3]",-0.10047978408639362,-0.4901066926442406
"[7, 3, 0, 3]",-0.04569076648538753,-0.41227078411506823
"[6, 2, 1, 0]",0.0,-0.04589043429648912
"[5, 1, 1, 1]",0.0,-0.04590204492719266
"[0, 8, 1, 1]",0.0,-0.9999999999999996
"[0, 7, 1, 2]",0.0,-1.8999999999999986
"[8, 4, 0, 1]",0.0,-0.14338609176256917
"[7, 3, 0, 2]",0.0,-0.21713937343905165
"[6, 2, 0, 3]",-0.07723732167754713,-0.5809463877703647
"[5, 1, 0, 3]",-0.11330231235471377,-1.0129769759853666
"[4, 0, 0, 3]",-0.9995432240925493,-1.0390414542403783
"[8, 2, 1, 0]",0.0,-0.05213778527505715
"[7, 1, 1, 1]",0.0,-0.05213778527505715
"[6, 0, 1, 2]",0.0,-0.4753115881002003
"[1, 5, 0, 0]",0.0,-0.4151871735176874
"[0, 4, 0, 1]",0.0,-0.41518755954262543
"[8, 2, 0, 1]",0.0,-0.13683768032180782
"[7, 1, 0, 2]",0.0,-1.0405752679408025
"[5, 0, 1, 0]",0.0,-0.6616534090596609
"[4, 0, 1, 1]",0.0,-0.4173856178641746
"[3, 0, 1, 2]",0.0,-0.6294506731872286
"[6, 4, 0, 0]",0.0,-0.22599876313798456
"[5, 3, 0, 1]",0.0,-0.2724449235880428
"[4, 2, 0, 2]",0.0,-0.42800286073916916
"[3, 1, 0, 3]",-0.19433653358041092,-0.8573374859564067
"[1, 0, 1, 0]",0.0,-0.8143681022322847
"[2, 6, 0, 2]",0.0,-0.30716843201695565
"[1, 5, 0, 3]",-0.03847495006391204,-0.4746822550937687
"[0, 4, 1, 0]",0.0,-0.999999996916054
"[0, 3, 1, 1]",0.0,-0.9999999999999996
"[1, 8, 0, 3]",-0.00031055375601143854,-0.1972724895009719
"[0, 7, 1, 0]",0.0,-0.9999989866283822
"[1, 2, 0, 0]",0.0,-0.6040771404353973
"[0, 1, 0, 1]",0.0,-0.607885392445838
"[8, 2, 0, 3]",-0.01121721253816483,-0.5386718350813079
"[7, 1, 1, 0]",0.0,-0.01121721253816483
"[6, 0, 1, 1]",0.0,-0.42137242163629945
"[5, 0, 1, 2]",0.0,-0.6439579454346622
"[4, 8, 1, 3]",-1.2053599978976526e-05,-0.4109329994904394
"[3, 7, 0, 0]",0.0,-0.18105981736734908
"[2, 6, 0, 1]",0.0,-0.1812476359943962
"[1, 5, 0, 2]",0.0,-0.6086625514267502
"[0, 4, 0, 3]",-0.612579511,-0.3847147593228242
"[8, 1, 1, 3]",-0.09,-0.2049510858375276
"[7, 0, 0, 0]",0.0,-0.9999924982764238
"[1, 8, 0, 0]",0.0,-0.5454771759893501
"[0, 7, 0, 1]",0.0,-0.6049685614513735
"[3, 6, 0, 0]",0.0,-0.27410964855344455
"[2, 5, 0, 1]",0.0,-0.31364598599307036
"[1, 4, 0, 2]",0.0,-0.6353795354752649
"[0, 3, 0, 3]",-0.6513215599,-0.45270141775060335
"[0, 2, 1, 0]",0.0,-0.9999999997540048
"[0, 1, 1, 1]",0.0,-0.9999999999998097
"[8, 6, 1, 1]",0.0,-0.010720505378644881
"[7, 5, 1, 2]",0.0,-0.010720505378644881
"[4, 2, 1, 3]",-0.0001579742114228227,-0.14762326381182814
"[3, 1, 1, 3]",-0.009929936846601494,-0.3299807751201609
"[2, 0, 0, 0]",0.0,-0.9999999815079909
"[6, 8, 0, 1]",0.0,-0.20465099786168553
"[5, 7, 0, 2]",0.0,-0.38191436668077644
"[2, 4, 0, 3]",-0.16364797056671143,-0.4273886237412032
"[1, 3, 0, 3]",-0.1092103002923687,-0.5174386164248161
"[4, 8, 0, 3]",0.0,-0.08539317258445778
"[3, 7, 1, 0]",0.0,-6.882018104340604e-05
"[2, 6, 1, 1]",0.0,-0.01816859914900658
"[1, 5, 1, 2]",0.0,-0.9261032903944412
"[6, 3, 0, 0]",0.0,-0.07370846607340094
"[5, 2, 0, 1]",0.0,-0.1510653308702252
"[4, 1, 0, 2]",0.0,-1.2123981535026966
"[3, 0, 0, 3]",-0.9999734386011123,-1.058340703688373
"[7, 1, 0, 0]",0.0,-0.1286281817305999
"[6, 0, 0, 1]",0.0,-0.9999999999973493
"[0, 8, 0, 3]",-0.5217031,-0.09347830872959234
"[3, 8, 1, 0]",0.0,-0.011514540602853469
"[2, 7, 1, 1]",0.0,-0.011514540602853469
"[1, 6, 1, 2]",0.0,-0.9306280524369788
"[1, 4, 0, 0]",0.0,-0.4117434283834209
"[0, 3, 0, 1]",0.0,-0.4156529101678391
"[5, 8, 1, 2]",0.0,-0.27534215199108175
"[4, 7, 1, 3]",-0.008857661523894821,-0.1629
"[8, 2, 1, 1]",0.0,-0.09756999307178812
"[7, 1, 1, 2]",0.0,-0.33914546800891293
"[0, 6, 1, 0]",0.0,-0.9999999999999336
"[4, 8, 1, 1]",0.0,-0.3412793540603381
"[3, 7, 1, 2]",0.0,-0.3474448246087145
"[2, 6, 1, 3]",-0.0016940417014466925,-0.22820706672307337
"[1, 5, 1, 3]",-0.10023534652521816,-0.7376654326734294
"[0, 4, 0, 0]",0.0,-0.1002100170242576
"[7, 0, 1, 0]",0.0,-0.6926681595506684
"[3, 7, 0, 3]",-0.012035505569783052,-0.1625843195967414
"[2, 6, 1, 0]",0.0,-0.01205001129713602
"[1, 5, 1, 1]",0.0,-0.023077860655858984
"[8, 0, 0, 2]",0.0,-1.2336023367456084
"[7, 5, 0, 3]",-0.13842085946905178,-0.3984088597092457
"[6, 4, 0, 3]",-0.1710067252691275,-0.31831849013141883
"[5, 3, 1, 0]",0.0,-0.1710067252691275
"[4, 2, 1, 1]",0.0,-0.1710067252691275
"[3, 1, 1, 2]",0.0,-0.4056382768225595
"[8, 0, 1, 0]",0.0,-0.6554421003931946
"[7, 0, 1, 1]",0.0,-0.48872808956368546
"[8, 1, 0, 2]",0.0,-1.1437321451708813
"[7, 0, 0, 3]",-0.9999858841836138,-1.094535218827362
"[0, 6, 0, 0]",0.0,-0.03158465272581789
"[3, 8, 0, 3]",-0.11519498045091545,-0.24055244227559175
"[1, 6, 0, 3]",-0.08622532024216528,-0.2839165253631844
"[0, 5, 1, 0]",0.0,-0.9999980931625188
"[0, 4, 1, 1]",0.0,-0.9999999999993935
"[0, 3, 1, 2]",0.0,-1.8999999999999986
"[8, 1, 0, 0]",0.0,-0.3191684313593411
"[7, 0, 0, 1]",0.0,-0.9999970936785837
"[6, 8, 1, 1]",0.0,-0.0976964792842245
"[5, 7, 1, 2]",0.0,-0.0976964792842245
"[4, 6, 1, 3]",0.0,-0.17878902888235385
"[3, 5, 0, 0]",0.0,-0.12558649734725888
"[2, 4, 0, 1]",0.0,-0.16157363816740086
"[1, 3, 0, 2]",0.0,-0.497073487949948
"[0, 2, 0, 3]",-0.794108867905351,-0.3085362330729094
"[3, 8, 1, 2]",0.0,-0.27060024545301625
"[2, 7, 1, 3]",-0.04349660410651012,-0.171
"[1, 6, 1, 3]",-0.1758254007669199,-0.3984347481098726
"[0, 5, 0, 0]",0.0,-0.2026891009065125
"[7, 2, 1, 3]",0.0,-0.004529956095449392
"[6, 1, 0, 0]",0.0,-0.17345283468957629
"[5, 0, 0, 1]",0.0,-0.9999153585021714
"[1, 8, 1, 0]",0.0,-0.010554674070851214
"[1, 8, 1, 2]",0.0,-1.4826458131179192
"[4, 5, 0, 0]",0.0,-0.15812673295518434
"[3, 4, 0, 1]",0.0,-0.15900363841912243
"[2, 3, 0, 2]",0.0,-0.2260819741035241
"[0, 1, 0, 3]",-0.9988209815422262,-1.020908644330567
"[0, 0, 1, 0]",0.0,-0.9999999998386027
"[6, 8, 1, 3]",0.0,-0.038742048900000006
"[5, 7, 0, 0]",0.0,-0.2407177442136982
"[4, 6, 0, 1]",0.0,-0.25583642922595007
"[3, 5, 0, 2]",0.0,-0.48170686270618607
"[8, 2, 0, 0]",0.0,-0.1885500013174594
"[7, 1, 0, 1]",0.0,-0.20081692284766503
"[6, 0, 0, 2]",0.0,-1.218988531656699
"[3, 8, 1, 3]",-0.03543351471113388,-0.302441570651805
"[1, 6, 0, 0]",0.0,-0.7025477220776798
"[0, 5, 0, 1]",0.0,-0.7039923069637128
"[2, 0, 1, 0]",0.0,-0.6134435740769739
"[1, 0, 1, 1]",0.0,-0.5139343261480732
"[0, 3, 1, 0]",0.0,-0.9999999101855005
"[0, 2, 1, 1]",0.0,-0.9999999999973493
"[0, 1, 1, 2]",0.0,-1.8999999999999966
"[2, 7, 1, 0]",0.0,-0.11862866427120793
"[1, 6, 1, 1]",0.0,-0.11862866427120793
"[8, 7, 1, 3]",0.0,-0.09
"[7, 6, 1, 3]",0.0,-0.1
"[6, 5, 0, 0]",0.0,-0.2066682196528735
"[5, 4, 0, 1]",0.0,-0.24111866387812955
"[4, 3, 0, 2]",0.0,-0.3839554532553962
"[3, 2, 0, 3]",-0.15865787503068216,-0.48038083314687113
"[2, 1, 1, 0]",0.0,-0.15865787503068216
"[2, 1, 0, 2]",0.0,-1.089433097199527
"[1, 0, 0, 3]",-0.9999984554616401,-1.107067463040213
"[5, 8, 0, 2]",0.0,-0.26984058958616663
"[4, 7, 0, 3]",-0.15051555564326574,-0.231337058891272
"[3, 6, 0, 3]",-0.058624707189377734,-0.271160594098061
"[2, 5, 1, 0]",0.0,-0.05971540461928544
"[1, 4, 1, 1]",0.0,-0.05971540461928544
"[5, 3, 0, 3]",-0.06431297005643692,-0.2708242872409704
"[4, 2, 0, 3]",-0.07057916844865494,-0.3886012700807045
"[8, 1, 1, 0]",0.0,-0.09395070968761587
"[8, 6, 0, 2]",0.0,-0.4095163423207894
"[6, 4, 1, 0]",0.0,-0.13849047932996486
"[5, 3, 1, 1]",0.0,-0.13849047932996486
"[4, 2, 1, 2]",0.0,-0.1612742581869544
"[6, 8, 1, 2]",0.0,-0.3009045612592767
"[5, 7, 1, 3]",0.0,-0.159049
"[8, 7, 0, 2]",0.0,-0.2397480714556417
"[6, 5, 0, 3]",-0.05257881429151504,-0.33716099884973727
"[5, 4, 1, 0]",0.0,-0.05257881429151504
"[4, 3, 1, 1]",0.0,-0.05257881429151504
"[3, 2, 1, 2]",0.0,-0.05367111165929826
"[8, 3, 1, 2]",0.0,-0.1027690471679207
"[6, 1, 1, 3]",-0.08170696504901512,-0.1436807588553482
"[7, 8, 0, 0]",0.0,-0.05426576208693946
"[6, 7, 0, 1]",0.0,-0.05440070875511256
"[5, 6, 0, 2]",0.0,-0.1378312367153868
"[4, 5, 0, 3]",-0.08719794334572178,-0.406530285893728
"[2, 3, 1, 0]",0.0,-0.04835242962130096
"[1, 2, 1, 1]",0.0,-0.04835242962130096
"[8, 7, 1, 0]",0.0,-0.007857733227820405
"[7, 6, 1, 1]",0.0,-0.007857733227820405
"[6, 5, 1, 2]",0.0,-0.007857733227820405
"[5, 4, 1, 3]",0.0,-0.007290000000000001
"[4, 3, 0, 0]",0.0,-0.010966660918151417
"[3, 2, 0, 1]",0.0,-0.04930267909193008
"[2, 8, 1, 0]",0.0,-1.3836652083884134e-08
"[1, 7, 1, 1]",0.0,-2.0384129090897905e-08
"[8, 4, 1, 3]",0.0,-0.00531441
"[7, 3, 0, 0]",0.0,-0.05718081937868096
"[6, 2, 0, 1]",0.0,-0.17591157019762257
"[5, 1, 0, 2]",0.0,-1.1906686991553743
"[8, 6, 1, 3]",0.0,-0.159049
"[7, 5, 0, 0]",0.0,-0.15893708647982335
"[6, 4, 0, 1]",0.0,-0.15921836393095082
"[5, 3, 0, 2]",0.0,-0.30264486804326945
"[3, 1, 1, 0]",0.0,-0.07057916844865494
"[2, 8, 0, 0]",0.0,-0.17611538289001438
"[1, 7, 0, 1]",0.0,-0.17618794101956403
"[0, 6, 0, 2]",0.0,-0.3856335395491904
"[8, 5, 1, 2]",0.0,-0.09020653583596304
"[7, 3, 1, 3]",-0.1,-0.016677181699666577
"[3, 8, 0, 2]",0.0,-0.1832493206495221
"[2, 8, 0, 2]",0.0,-0.08506073572569492
"[5, 4, 0, 0]",0.0,-0.3803853237505679
"[4, 3, 0, 1]",0.0,-0.502086293510373
"[3, 2, 0, 2]",0.0,-0.8739007157428792
"[2, 1, 0, 3]",-0.36589535554172514,-0.8863116786444943
"[7, 8, 1, 2]",0.0,-0.23652763053215337
"[6, 7, 1, 3]",0.0,-0.16561000000000003
"[5, 6, 1, 3]",0.0,-0.1629
"[7, 3, 1, 0]",0.0,-0.10047978408639362
"[6, 2, 1, 1]",0.0,-0.19047978408639363
"[5, 1, 1, 2]",0.0,-0.44189633808065903
"[2, 8, 1, 3]",-0.0005249269578657703,-0.2788023069217219
"[1, 7, 0, 0]",0.0,-0.07309408388708317
"[0, 6, 0, 1]",0.0,-0.07309408388713837
"[8, 7, 1, 1]",0.0,0.0
"[7, 6, 1, 2]",0.0,0.0
"[6, 5, 1, 3]",0.0,0.0
"[4, 3, 1, 3]",-0.06588389274499534,-0.11175155635633398
"[1, 0, 0, 0]",0.0,-0.9999872957652522
"[5, 8, 0, 3]",-0.10894888268881894,-0.2147395330290452
"[2, 5, 0, 3]",-0.12753930003739697,-0.30483637920348905
"[1, 4, 0, 3]",-0.2570246838755783,-0.3295898269498674
"[8, 1, 1, 2]",0.0,-0.24070906715572224
"[8, 6, 0, 1]",0.0,-0.2693083886235749
"[7, 5, 0, 2]",0.0,-0.48131958498685307
"[4, 2, 1, 0]",0.0,-0.06467436879453083
"[3, 1, 1, 1]",0.0,-0.06492228384666526
"[2, 1, 0, 0]",0.0,-0.1296580524243484
"[1, 0, 0, 1]",0.0,-0.9999872957652524
"[4, 6, 1, 0]",0.0,-0.007264349928838322
"[3, 5, 1, 1]",0.0,-0.05532351737621799
"[2, 4, 1, 2]",0.0,-0.1444614165052203
"[1, 3, 1, 3]",-0.08677395868491913,-0.5839315638917331
"[0, 2, 0, 0]",0.0,-0.08678909346077025
"[5, 8, 1, 0]",0.0,-0.0029725997915551793
"[4, 7, 1, 1]",0.0,-0.03854740885057028
"[3, 6, 1, 2]",0.0,-0.08220737546138918
"[2, 5, 1, 3]",-0.03334760761784271,-0.23096254577225395
"[8, 2, 1, 2]",0.0,-0.10339916127935692
"[1, 8, 0, 2]",0.0,-0.2236431513659103
"[0, 7, 0, 3]",-0.6861894039099999,-0.14831391437831762
"[4, 6, 0, 0]",0.0,-0.12590412988413657
"[3, 5, 0, 1]",0.0,-0.14910820339381228
"[2, 4, 0, 2]",0.0,-0.304023497825656
"[7, 8, 1, 1]",0.0,-0.3804585693007259
"[6, 7, 1, 2]",0.0,-0.3804585693007259
"[4, 8, 0, 2]",0.0,-0.19559517858310316
"[4, 0, 1, 0]",0.0,-0.3784486782988379
"[2, 8, 0, 1]",0.0,-0.0303417257188648
"[1, 7, 0, 2]",0.0,-0.2615532677537161
"[0, 8, 0, 0]",0.0,-0.16426948487851234
"[8, 4, 1, 0]",0.0,-0.266405910909888
"[7, 3, 1, 1]",0.0,-0.266405910909888
"[6, 2, 1, 2]",0.0,-0.266405910909888
"[5, 1, 1, 3]",0.0,-0.2526586922242062
"[4, 0, 0, 0]",0.0,-0.9999999996250644
"[8, 3, 0, 2]",0.0,-0.6121580094506993
"[7, 2, 0, 3]",-0.0725714359893064,-0.3834283424058681
"[6, 1, 0, 3]",-0.0691641111504541,-0.8018003153305049
"[5, 1, 1, 0]",0.0,-0.07723732167754713
"[5, 8, 0, 1]",0.0,-0.10241319234592672
"[4, 7, 0, 2]",0.0,-0.153312938226186
"[8, 1, 0, 3]",-0.21545003451109815,-1.0141521316310131
"[1, 4, 1, 3]",-0.042741222705997645,-0.41452376131692553
"[0, 3, 0, 0]",0.0,-0.04160520639629789
"[7, 2, 0, 1]",0.0,-0.16066835123089007
"[6, 1, 0, 2]",0.0,-1.1786036835824745
"[5, 0, 0, 3]",-0.9997302783944093,-1.0622844452558289
"[7, 8, 0, 2]",0.0,-0.2452424358731396
"[6, 7, 0, 3]",-0.057272250788518414,-0.310555575048003
"[5, 6, 0, 3]",-0.12219133557429854,-0.2876489925841243
"[4, 5, 1, 0]",0.0,-0.12232233762516231
"[3, 4, 1, 1]",0.0,-0.12232233762516231
"[2, 3, 1, 2]",0.0,-0.1938042478890422
"[1, 2, 1, 3]",-0.03678796671101744,-0.633845396712442
"[0, 1, 0, 0]",0.0,-0.03678796671101744
"[8, 5, 0, 1]",0.0,-0.4252047446778854
"[7, 4, 0, 2]",0.0,-0.6193379677972306
"[5, 2, 1, 0]",0.0,-0.20561641540105008
"[4, 1, 1, 1]",0.0,-0.20561641540105008
"[2, 6, 0, 3]",-0.07359397775177969,-0.32938745191440094
"[1, 5, 1, 0]",0.0,-0.07359397775177969
"[4, 8, 1, 2]",0.0,-0.2714134592259737
"[3, 7, 1, 3]",-0.028894351914454906,-0.2551041123195283
"[6, 8, 0, 0]",0.0,-0.018805973488835837
"[5, 7, 0, 1]",0.0,-0.09403050010904683
"[4, 6, 0, 2]",0.0,-0.33522322035655105
"[3, 6, 1, 0]",0.0,-0.15051555564326574
"[2, 5, 1, 1]",0.0,-0.1558242699871991
"[1, 4, 1, 2]",0.0,-1.0558327552676885
"[4, 8, 0, 1]",0.0,-0.04649218115171033
"[3, 7, 0, 2]",0.0,-0.13995224127693048
"[8, 4, 0, 2]",0.0,-0.28530094950439483
"[1, 8, 1, 1]",0.0,-0.2164639525107508
"[8, 4, 0, 0]",0.0,-0.13676878580649232
"[7, 3, 0, 1]",0.0,-0.1378897565116098
"[6, 2, 0, 2]",0.0,-0.310267189508705
"[5, 8, 0, 0]",0.0,-0.14906035353563518
"[4, 7, 0, 1]",0.0,-0.1499538433899249
"[3, 6, 0, 2]",0.0,-0.3329578877648404
"[8, 7, 0, 0]",0.0,-0.06627433188968822
"[7, 6, 0, 1]",0.0,-0.06745429781833501
"[6, 5, 0, 2]",0.0,-0.23295042903250132
"[5, 4, 0, 3]",-0.0807585484082117,-0.3284060571136389
"[4, 3, 1, 0]",0.0,-0.0807585484082117
"[3, 2, 1, 1]",0.0,-0.0807585484082117
"[2, 1, 1, 2]",0.0,-0.23427390226840455
"[3, 8, 0, 0]",0.0,-0.17342642369206043
"[2, 7, 0, 1]",0.0,-0.18278206323154111
"[1, 6, 0, 2]",0.0,-0.62585878793257
"[0, 5, 0, 3]",-0.7175704635189999,-0.4331888501160436
"[8, 4, 1, 2]",0.0,-0.10647751956451107
"[8, 3, 0, 3]",-0.2247033883419898,-0.2822310128945176
"[7, 2, 1, 0]",0.0,-0.2247033883419898
"[6, 1, 1, 1]",0.0,-0.2247033883419898
"[3, 2, 0, 0]",0.0,-0.2925524802981671
"[2, 1, 0, 1]",0.0,-0.2956896877093878
"[1, 0, 0, 2]",0.0,-1.481895168752684
"[2, 4, 0, 0]",0.0,-0.10208120835247592
"[1, 3, 0, 1]",0.0,-0.11000570955153403
"[0, 2, 0, 2]",0.0,-0.23086844015727645
"[4, 8, 1, 0]",0.0,-0.10003939916797441
"[3, 7, 1, 1]",0.0,-0.1048268832662352
"[2, 6, 1, 2]",0.0,-0.10631457340961793
"[2, 8, 1, 1]",0.0,-0.3668177615797085
"[1, 7, 1, 2]",0.0,-1.2668177608910074
"[3, 4, 1, 0]",0.0,-0.11865635835573629
"[2, 3, 1, 1]",0.0,-0.11865635835573629
"[1, 2, 1, 2]",0.0,-1.0181307735324867
"[8, 0, 0, 0]",0.0,-0.9999999850214726
"[7, 8, 1, 3]",0.0,-0.16561000000000003
"[5, 6, 0, 0]",0.0,-0.14605071617833895
"[4, 5, 0, 1]",0.0,-0.20588375651878746
"[3, 4, 0, 2]",0.0,-0.4419146947226333
"[1, 2, 1, 0]",0.0,-0.3540425969966884
"[4, 8, 0, 0]",0.0,-0.16195696593062003
"[3, 7, 0, 1]",0.0,-0.20493416169420325
"[8, 3, 0, 1]",0.0,-0.06562759705365145
"[7, 2, 0, 2]",0.0,-0.22388313072593036
"[8, 0, 0, 1]",0.0,-0.9999999101855006
"[8, 5, 0, 0]",0.0,-0.15982215780708417
"[7, 4, 0, 1]",0.0,-0.24508563875362743
"[6, 3, 0, 2]",0.0,-0.7027962202658378
"[8, 6, 0, 0]",0.0,-0.022816785007718738
"[7, 5, 0, 1]",0.0,-0.08247135851581354
"[6, 4, 0, 2]",0.0,-0.18342818065896763
"[8, 7, 0, 1]",0.0,-0.1955351821520533
"[7, 6, 0, 2]",0.0,-0.3089021913125163
"[5, 8, 1, 3]",0.0,-0.2151662111327089
"[4, 7, 0, 0]",0.0,-0.1054124257988106
"[3, 6, 0, 1]",0.0,-0.17695964921364238
"[2, 5, 0, 2]",0.0,-0.4279077063637061
"[3, 1, 0, 0]",0.0,-0.11990433661821864
"[2, 0, 0, 1]",0.0,-0.9999993351268814
"[4, 3, 0, 3]",-0.21658086186096787,-0.29926547405858556
"[8, 1, 0, 1]",0.0,-0.3342315124317066
"[7, 0, 0, 2]",0.0,-1.2017497758326956
"[2, 7, 0, 0]",0.0,-0.035246804285189
"[1, 6, 0, 1]",0.0,-0.0356613540706685
"[0, 5, 0, 2]",0.0,-0.13447024057138793
"[3, 8, 1, 1]",0.0,-0.3016978915213823
"[2, 7, 1, 2]",0.0,-0.5268568173261204
"[0, 8, 0, 1]",0.0,-0.10358497136634096
"[1, 4, 1, 0]",0.0,-0.12781320276178115
"[1, 3, 1, 0]",0.0,-0.21147766056671138
"[8, 3, 0, 0]",0.0,-0.15112861422762333
"[1, 1, 0, 3]",-0.77123207545039,-0.7848007983343432
"[0, 0, 0, 3]",-0.612579511,-0.605232603200323
"[5, 0, 0, 0]",0.0,-0.9999967707539819
"[8, 6, 0, 3]",-0.0849073231813234,-0.27458414240487405
"[8, 5, 0, 2]",0.0,-0.593109357759982
"[6, 3, 1, 0]",0.0,-0.08672717534627239
"[5, 2, 1, 1]",0.0,-0.08672717534627239
"[4, 1, 1, 2]",0.0,-0.2606099337692406
"[4, 5, 1, 3]",0.0,-0.09
"[3, 4, 1, 3]",0.0,-0.10870771488345086
"[2, 3, 1, 3]",-0.12222876863083612,-0.0961703877079534
"[3, 5, 1, 3]",-0.01588225988650868,-0.09313617897713308
"[2, 4, 1, 3]",-0.0018755532417457142,-0.18727665728477133
"[1, 3, 0, 0]",0.0,-0.41892341782798576
"[0, 2, 0, 1]",0.0,-0.41897066085185736
"[6, 1, 1, 0]",0.0,-0.0726025668951337
"[7, 6, 0, 0]",0.0,-0.08611042259909514
"[6, 5, 0, 1]",0.0,-0.10894001256280544
"[5, 4, 0, 2]",0.0,-0.2878681914386897
"[5, 1, 0, 1]",0.0,-0.33563100080267905
"[4, 0, 0, 2]",0.0,-1.1835602387470412
"[7, 8, 0, 3]",-0.003815204244769459,-0.159049
"[7, 8, 0, 1]",0.0,-0.09824945825508433
"[6, 7, 0, 2]",0.0,-0.31035843476978786
"[6, 2, 0, 0]",0.0,-0.20875098036428716
"[7, 8, 1, 0]",0.0,0.0
"[6, 7, 1, 1]",0.0,0.0
"[5, 6, 1, 2]",0.0,0.0
"[2, 3, 0, 0]",0.0,-0.18943770322875142
"[1, 2, 0, 1]",0.0,-0.19202188521091335
"[0, 1, 0, 2]",0.0,-1.1538712300294558
"[6, 8, 1, 0]",0.0,-0.015009463529699917
"[5, 7, 1, 1]",0.0,-0.015009463529699917
"[4, 6, 1, 2]",0.0,-0.047760559306614866
"[3, 5, 1, 0]",0.0,-0.13373100082347433
"[2, 4, 1, 1]",0.0,-0.13901377121042277
"[1, 3, 1, 2]",0.0,-1.0404910227676103
"[1, 1, 0, 1]",0.0,-0.34390000000000004
"[0, 0, 0, 2]",0.0,-0.4074468234904188
"[7, 6, 1, 0]",0.0,-0.11373235891632784
"[6, 5, 1, 1]",0.0,-0.11391205994631928
"[5, 4, 1, 2]",0.0,-0.14627679845577163
"[3, 8, 0, 1]",0.0,-0.19241311802186256
"[2, 7, 0, 2]",0.0,-0.25732563018248195
"[2, 6, 0, 0]",0.0,-0.14909552101840257
"[1, 5, 0, 1]",0.0,-0.1603236130688059
"[0, 4, 0, 2]",0.0,-0.2547742884654721
"[3, 2, 1, 0]",0.0,-0.21658086186096787
"[2, 1, 1, 1]",0.0,-0.21676056289095932
"[8, 7, 1, 2]",0.0,-0.16936663696542106
"[6, 8, 0, 3]",-0.0006757168850291672,-0.3347282935512822
"[5, 7, 1, 0]",0.0,-0.03941776578502919
"[4, 6, 1, 1]",0.0,-0.03966426925552498
"[3, 5, 1, 2]",0.0,-0.04691712076897181
"[4, 7, 1, 0]",0.0,-0.1371918363369189
"[3, 6, 1, 1]",0.0,-0.1371918363369189
"[2, 5, 1, 2]",0.0,-0.2052435529443738
"[6, 7, 0, 0]",0.0,-0.18225574594070912
"[3, 4, 0, 0]",0.0,-0.19394408622526457
"[2, 3, 0, 1]",0.0,-0.2765656224799457
"[1, 2, 0, 2]",0.0,-1.1664990735107712
"[5, 6, 1, 0]",0.0,-0.06613518890817091
"[4, 5, 1, 1]",0.0,-0.06613518890817091
"[3, 4, 1, 2]",0.0,-0.1547711874758672
"[1, 1, 0, 0]",0.0,-0.947665236697264
"[0, 0, 0, 1]",0.0,-0.947665236697264
"[7, 5, 1, 0]",0.0,-0.0849073231813234
"[6, 4, 1, 1]",0.0,-0.0849073231813234
"[5, 3, 1, 2]",0.0,-0.08605261233305628
"[8, 3, 1, 1]",0.0,-0.34849842296680894
"[7, 2, 1, 2]",0.0,-0.36821703660627314
"[6, 7, 1, 0]",0.0,-0.024404317454234364
"[5, 6, 1, 1]",0.0,-0.024404317454234364
"[4, 5, 1, 2]",0.0,-0.024404317454234364
"[1, 1, 0, 2]",0.0,-0.7052671622815125
