"[9, 9, 0, 0]",-0.030872844853900107,-1.3199031433140003
"[9, 9, 0, 1]",-0.10672946252030882,-1.3200324162807662
"[9, 9, 0, 2]",-0.20056539139253507,-1.3467248060448673
"[9, 9, 0, 3]",-1.375824545917089,-1.3665748401925226
"[9, 9, 1, 0]",-0.059842244303735616,-1.368447784098915
"[9, 9, 1, 1]",-0.2035761534858483,-1.3673824728241557
"[9, 9, 1, 2]",-0.2044759724572459,-1.3764589495428758
"[9, 9, 1, 3]",-1.3245006653582037,-1.3473309036215597
"[8, 9, 0, 0]",-0.04155580522523191,-2.0453466023792917
"[7, 9, 0, 1]",0.0,-2.1650833758989636
"[6, 9, 0, 2]",0.0,-2.2984439274599184
"[5, 9, 0, 3]",-2.3724235868150014,-2.3980558734708297
"[4, 9, 0, 3]",-2.9189378561287507,-2.487195726463896
"[3, 9, 0, 3]",-4.390315353462968,-2.8720569918941052
"[2, 9, 0, 3]",-5.361988889769315,-2.4600491481325264
"[1, 9, 0, 3]",-6.577486709041751,-1.994916758752637
"[0, 9, 1, 0]",0.0,-6.59018599958368
"[0, 9, 1, 1]",-0.2676598320026381,-5.46507412177874
"[0, 9, 1, 2]",-0.20541868257281176,-4.456423105712258
"[0, 9, 1, 3]",-2.5727168478712183,-3.4917342394791664
"[0, 9, 0, 0]",-1.4881824357102411,-1.7323893003084587
"[8, 9, 0, 2]",-0.18467385423867988,-1.5268647459970275
"[7, 9, 0, 3]",-1.6803305118191143,-1.5665287646584751
"[6, 9, 0, 3]",-1.5175232073026304,-2.224000663040532
"[2, 9, 1, 0]",-0.033481104635036625,-4.450559818873845
"[1, 9, 1, 1]",0.0,-4.483444572565053
"[0, 8, 1, 2]",0.0,-4.864597629597431
"[0, 7, 1, 3]",-2.483752240653398,-3.7693880769694017
"[0, 6, 1, 3]",-2.6042615833859557,-4.855906019732561
"[0, 5, 1, 3]",-3.7725673556723613,-5.6478653116592685
"[0, 4, 1, 3]",-4.492360032877197,-7.11065413831488
"[0, 3, 1, 3]",-6.019583332749716,-7.451433057408071
"[0, 2, 1, 3]",-6.971741881926933,-6.764260144686348
"[0, 1, 0, 0]",0.0,-6.420987149100227
"[9, 0, 0, 1]",-0.4510389383450823,-5.395756046228889
"[9, 0, 0, 2]",-0.6717342320089636,-4.423846432358811
"[9, 0, 0, 3]",-2.560405093679237,-3.5648212396416787
"[9, 0, 1, 0]",-1.9689720973008948,-1.5841490521830808
"[9, 0, 1, 1]",-1.541762111989852,-1.6108027096024184
"[8, 9, 1, 3]",-1.8550937647666585,-1.457779832571057
"[7, 9, 1, 3]",-1.8111682546503725,-1.4274955699514769
"[6, 9, 1, 3]",-1.7734010567196954,-1.4340252573046932
"[5, 9, 0, 0]",0.0,-1.8167428314708278
"[4, 9, 0, 1]",0.0,-2.0378606146990843
"[3, 9, 0, 2]",0.0,-2.260765989504912
"[8, 9, 1, 1]",-0.37656486550664875,-1.3363234966856712
"[7, 9, 1, 2]",0.0,-1.382714525375359
"[5, 9, 1, 3]",-1.574339199575542,-1.4551028710597116
"[4, 9, 0, 0]",0.0,-1.5507415099257242
"[3, 9, 0, 1]",0.0,-1.7189548001252497
"[2, 8, 0, 2]",0.0,-1.8895423152334905
"[1, 7, 0, 3]",-8.914168228979397,-2.794986793274807
"[0, 6, 0, 3]",-8.367342617272259,-1.415362948389176
"[9, 5, 0, 3]",-1.4166498729669992,-1.4092177745411338
"[8, 4, 0, 3]",-1.354808765166847,-1.3539297556005534
"[7, 3, 1, 0]",0.0,-1.4355549481990821
"[6, 2, 1, 1]",0.0,-1.5050217675238735
"[5, 1, 1, 2]",0.0,-1.5956303757581605
"[4, 0, 1, 3]",-5.824464062283745,-1.8708017335172524
"[3, 9, 1, 3]",-1.5305273389071083,-1.5411567867413967
"[2, 9, 0, 0]",-1.088002857757786,-1.5966515572615985
"[1, 9, 0, 1]",0.0,-1.612548555386113
"[0, 9, 0, 2]",-1.5583627641857998,-1.6927440227235655
"[3, 9, 1, 0]",0.0,-3.3919069724134125
"[2, 9, 1, 1]",0.0,-3.452947925622626
"[1, 9, 1, 2]",0.0,-3.476257830055555
"[8, 9, 0, 3]",-1.4382977087667073,-1.5087766713831599
"[5, 9, 1, 0]",0.0,-1.4628390340853625
"[4, 9, 1, 1]",0.0,-1.4662518462622787
"[3, 9, 1, 2]",0.0,-1.5089334329977593
"[2, 8, 1, 3]",-1.432326885278838,-1.4416905756118172
"[1, 7, 1, 3]",-1.4837149262515477,-2.7716050811278703
"[0, 5, 0, 0]",0.0,-1.7180774876784286
"[6, 4, 0, 1]",0.0,-4.174601637511659
"[5, 3, 0, 2]",0.0,-4.487048256297079
"[4, 2, 0, 3]",-3.904270980138177,-4.700580670850057
"[3, 1, 0, 3]",-4.85632614796642,-6.359742829913978
"[2, 0, 0, 3]",-6.913899541661718,-6.05886409035816
"[1, 0, 1, 0]",0.0,-6.141765610046148
"[9, 8, 0, 3]",-1.6410116761045173,-1.343387391464195
"[9, 7, 0, 3]",-1.5987918791376814,-1.3463641093614882
"[9, 6, 1, 0]",0.0,-1.7391227158747333
"[9, 5, 1, 1]",0.0,-1.9608981547341247
"[9, 4, 1, 2]",0.0,-1.9021425189694405
"[9, 3, 1, 3]",-4.5214995496637895,-1.8011962185863644
"[9, 2, 1, 3]",-5.3305711595107725,-1.6594736651335251
"[9, 1, 0, 0]",0.0,-5.377200042611187
"[9, 1, 1, 1]",0.0,-1.4977340369614616
"[9, 0, 1, 2]",-2.0047026252660536,-1.478269399926656
"[9, 5, 1, 3]",-2.293023245051698,-2.1149688900386363
"[9, 4, 1, 3]",-3.237032265220174,-1.871408644917371
"[9, 1, 1, 3]",-6.380307064314577,-1.551991085951839
"[9, 0, 0, 0]",0.0,-6.487384316953338
"[9, 8, 1, 1]",-0.052121309782384787,-1.9133298238795093
"[9, 7, 1, 2]",-0.03201084001987564,-2.025374357241811
"[9, 6, 1, 3]",-1.4735530782972976,-2.1472082343777714
"[8, 4, 0, 0]",0.0,-2.127760796242908
"[7, 3, 0, 1]",0.0,-3.5193511222628504
"[6, 2, 0, 2]",0.0,-4.185091582215449
"[5, 1, 0, 3]",-2.6651284014764896,-4.564619813366881
"[4, 0, 0, 3]",-4.72776013133298,-6.888760961471358
"[3, 0, 0, 3]",-5.853440461411334,-7.292084777649172
"[2, 0, 1, 0]",-1.511440944935183,-5.066866047529639
"[1, 4, 1, 1]",0.0,-6.88258790938112
"[0, 3, 1, 2]",0.0,-7.448162738459628
"[0, 1, 1, 3]",-7.3392868791303965,-5.906265925065891
"[0, 0, 1, 3]",-7.777343405461069,-4.667373640783063
"[0, 0, 0, 0]",0.0,-7.693167649301163
"[4, 0, 0, 1]",0.0,-8.280744469025281
"[3, 0, 0, 2]",0.0,-7.290549058707054
"[1, 0, 0, 3]",-7.907578827046516,-5.384007435414641
"[0, 0, 1, 0]",0.0,-6.93542145228499
"[0, 0, 1, 1]",0.0,-6.490325155431006
"[2, 9, 0, 1]",-0.8143825812053159,-1.5615632756583215
"[1, 9, 0, 2]",0.0,-1.6503004724413701
"[0, 9, 0, 3]",-6.4144054612140575,-1.8556241729226335
"[5, 8, 0, 3]",-1.7212566304266346,-1.6049661000103388
"[4, 7, 1, 0]",0.0,-3.0715687366096107
"[3, 6, 1, 1]",0.0,-4.565557679180732
"[2, 5, 1, 2]",0.0,-5.384802441229574
"[1, 4, 1, 3]",-3.4765473492537677,-5.862892246666463
"[0, 2, 0, 0]",-1.2255686471644895,-4.972981592781998
"[9, 1, 0, 1]",0.0,-4.402948455807147
"[8, 0, 0, 3]",-2.5513475249119373,-3.443752745338961
"[7, 0, 0, 3]",-2.4790779096567417,-3.7804014592909123
"[6, 0, 0, 3]",-2.840170707882874,-4.872633700104338
"[5, 0, 1, 0]",0.0,-1.7969911467175714
"[4, 0, 1, 1]",0.0,-2.021662935172453
"[0, 6, 0, 0]",0.0,-1.5037717838788502
"[9, 5, 0, 1]",0.0,-1.3576592782155876
"[9, 4, 0, 2]",0.0,-1.3845047924838472
"[9, 3, 0, 3]",-1.4846039835553286,-1.4814070200469494
"[9, 2, 0, 3]",-1.5137410482090843,-1.5170641497815394
"[9, 1, 1, 0]",0.0,-1.5662329587460448
"[6, 9, 1, 0]",0.0,-1.3236161524888967
"[5, 9, 1, 1]",0.0,-1.420458627212522
"[4, 9, 1, 2]",0.0,-1.4823144242219075
"[2, 9, 1, 3]",-1.6274446572338825,-1.6582377508063735
"[1, 9, 1, 3]",-1.5550354719992925,-2.5530860924436047
"[9, 8, 1, 2]",-0.18293935964547264,-1.4557544843724413
"[9, 7, 1, 3]",-1.5458565653623095,-1.458027338550222
"[9, 5, 0, 0]",0.0,-1.4990908594883794
"[9, 4, 0, 1]",0.0,-1.4616878239322513
"[9, 3, 0, 2]",0.0,-1.508155242147594
"[8, 2, 0, 3]",-1.43538376946217,-1.5089262803979973
"[7, 1, 0, 3]",-1.4572299980345227,-2.6803908144553423
"[5, 0, 0, 3]",-3.7112646195680505,-5.675447473713239
"[3, 0, 1, 0]",0.0,-3.724856456808476
"[5, 9, 0, 1]",0.0,-2.0167673900491643
"[4, 9, 0, 2]",0.0,-2.201313645775161
"[5, 8, 1, 1]",0.0,-1.4421697074846282
"[4, 7, 1, 2]",0.0,-1.749270913132868
"[3, 6, 1, 3]",-1.670032860448083,-2.0996857859350637
"[2, 5, 1, 3]",-2.427214392767496,-3.4515810548938592
"[1, 4, 0, 0]",0.0,-2.6235227585603034
"[0, 3, 0, 1]",0.0,-2.7347420032506746
"[1, 2, 0, 2]",0.0,-2.815300259690616
"[0, 1, 0, 3]",-5.688286747482918,-2.9771987958897044
"[0, 0, 0, 3]",-7.833715884456854,-4.003852694310618
"[9, 8, 0, 0]",-0.265110792505743,-1.2831454901947246
"[9, 7, 0, 1]",0.0,-1.3140862423240052
"[9, 6, 0, 2]",0.0,-1.3513167417647771
"[9, 4, 0, 3]",-1.4447137250704147,-1.4374725293262052
"[9, 3, 1, 0]",0.0,-1.5052754357715472
"[9, 2, 1, 1]",-0.9342058380855904,-1.5736486114113402
"[9, 1, 1, 2]",0.0,-1.6096197152073093
"[8, 0, 1, 3]",-7.339771049755739,-1.4744480316321544
"[0, 5, 1, 0]",0.0,-8.950044658818298
"[0, 4, 1, 1]",0.0,-8.293494817342275
"[1, 0, 0, 1]",0.0,-6.0985496801692145
"[0, 0, 0, 2]",0.0,-5.462185393437615
"[7, 0, 1, 0]",-2.1088961366880086,-1.6933792451180356
"[6, 9, 1, 1]",0.0,-1.4330226169280962
"[5, 9, 1, 2]",0.0,-1.4511901854375153
"[4, 9, 1, 3]",-1.5227491041922376,-1.4860868441399453
"[9, 7, 1, 0]",0.0,-1.8055655419515089
"[9, 6, 1, 1]",0.0,-1.9356727003320886
"[9, 5, 1, 2]",0.0,-2.051448370418511
"[9, 0, 1, 3]",-6.624678606135308,-1.4922861136929346
"[9, 8, 0, 1]",0.0,-1.2533497923270072
"[9, 7, 0, 2]",0.0,-1.303376894330364
"[9, 6, 0, 3]",-1.4335963611949851,-1.3621248237841477
"[9, 2, 1, 0]",-0.7843642269402773,-1.5233581217069687
"[8, 0, 1, 2]",0.0,-1.520570978183388
"[1, 9, 0, 0]",0.0,-1.6342914563402844
"[0, 9, 0, 1]",-1.6427070255803071,-1.5946954977784396
"[2, 9, 0, 2]",0.0,-1.748662705367099
"[6, 9, 0, 0]",0.0,-1.9075958230366883
"[1, 9, 1, 0]",0.0,-5.46307755980396
"[9, 8, 0, 2]",-0.34043160127746575,-1.3097682360841418
"[9, 5, 1, 0]",0.0,-1.6719997563308269
"[9, 4, 1, 1]",0.0,-1.7211490719028535
"[9, 3, 1, 2]",0.0,-1.8474543244483181
"[6, 0, 1, 1]",0.0,-1.5431591839792425
"[5, 2, 1, 2]",0.0,-1.6380551938343781
"[4, 1, 1, 3]",-5.550904250867902,-1.6208376521951058
"[3, 0, 1, 3]",-5.348956513404459,-1.5582080466356145
"[2, 0, 0, 0]",0.0,-6.785829245966375
"[0, 1, 1, 2]",0.0,-5.3909168964346055
"[1, 8, 0, 3]",-6.816345036832714,-2.0733025699779613
"[0, 7, 1, 0]",0.0,-9.290117067881203
"[0, 6, 1, 1]",0.0,-8.729613245325364
"[0, 5, 1, 2]",0.0,-7.9639942098831815
"[8, 0, 0, 2]",0.0,-4.494847451985016
"[4, 3, 1, 1]",0.0,-2.644663507191643
"[3, 2, 1, 2]",0.0,-2.997608680219216
"[2, 1, 1, 3]",-5.31292869045615,-3.100441213773864
"[1, 0, 1, 3]",-5.412137787470561,-3.2357416120179705
"[2, 8, 0, 3]",-5.2778255107635035,-1.9219161025610165
"[6, 5, 0, 3]",-1.5397478786855612,-1.6795328760429618
"[5, 4, 0, 3]",-2.1120240715921264,-3.0891587036949657
"[4, 3, 1, 0]",0.0,-2.4888604873186595
"[3, 2, 1, 1]",0.0,-2.8286796937385867
"[2, 1, 1, 2]",0.0,-3.00704610896964
"[9, 3, 1, 1]",0.0,-1.6595020155027411
"[9, 2, 1, 2]",-0.4634002754465774,-1.724047562501631
"[7, 5, 1, 3]",-2.313763012318934,-2.2119218829025815
"[6, 4, 1, 3]",-3.616288177763214,-2.297814202211433
"[5, 3, 1, 3]",-3.098795811383072,-2.3618789078687894
"[4, 2, 0, 0]",0.0,-4.68265320900875
"[3, 1, 0, 1]",0.0,-5.888711111269689
"[2, 0, 0, 2]",-0.5919945610059817,-6.241060634667824
"[8, 3, 1, 2]",0.0,-1.3313870303168218
"[7, 2, 1, 3]",-2.524723392425957,-1.5670544284399044
"[6, 1, 1, 3]",-6.3477353558938265,-1.5893741842318847
"[5, 0, 0, 0]",0.0,-9.007295987299567
"[0, 4, 0, 0]",0.0,-3.13160417244388
"[4, 3, 0, 1]",0.0,-4.369333891648314
"[3, 2, 0, 2]",0.0,-4.964579727484832
"[2, 1, 0, 3]",-5.425732909103538,-5.166133072147598
"[0, 7, 1, 1]",-0.22160416593558985,-7.33953732295005
"[0, 6, 1, 2]",0.0,-6.467026324298216
"[0, 3, 0, 0]",0.0,-3.4371872377169677
"[9, 2, 0, 1]",-0.1310997321765991,-3.3329506616419895
"[9, 1, 0, 2]",0.0,-3.4403555620155903
"[8, 9, 1, 0]",-0.4012910265126597,-1.2080756237539567
"[7, 9, 1, 1]",-0.004854827543713114,-1.3543993560532086
"[6, 9, 1, 2]",0.0,-1.395760494602113
"[3, 9, 0, 0]",0.0,-1.572158396491075
"[2, 8, 0, 1]",-0.48178354681265817,-1.2517743092765985
"[1, 7, 0, 2]",0.0,-1.4665636713550765
"[8, 4, 1, 2]",0.0,-1.934695564992982
"[7, 3, 1, 3]",-3.128411166657501,-2.3236503427820656
"[6, 2, 1, 3]",-4.541444763085132,-1.923499951193015
"[5, 1, 0, 0]",0.0,-6.864773451385756
"[5, 8, 0, 2]",0.0,-1.3399331004869657
"[4, 7, 0, 3]",-2.1800330592226715,-1.7855268395794535
"[3, 6, 0, 3]",-2.298061726857621,-1.8722512218841265
"[2, 5, 1, 0]",0.0,-4.523897742064533
"[5, 9, 0, 2]",0.0,-2.2430139535630538
"[9, 1, 0, 3]",-1.5168803349178217,-2.518860104060687
"[9, 8, 1, 0]",-0.10038350641300908,-1.7523369727943268
"[9, 7, 1, 1]",0.0,-1.9368330337461093
"[9, 6, 1, 2]",0.0,-2.0982861594456055
"[9, 2, 0, 0]",0.0,-4.36650008972646
"[6, 0, 1, 0]",0.0,-1.4694663509276684
"[0, 8, 1, 3]",-2.484342318123305,-3.4422778199241955
"[7, 5, 0, 1]",0.0,-3.26246666798203
"[6, 4, 0, 2]",0.0,-3.587964263528406
"[5, 3, 0, 3]",-2.6214454580803954,-3.813003633908331
"[7, 9, 0, 0]",-0.04081689604361079,-2.0772276933825014
"[6, 9, 0, 1]",0.0,-2.2266985023053394
"[9, 3, 0, 1]",0.0,-2.4179890800373696
"[9, 2, 0, 2]",0.0,-2.478692163525041
"[8, 0, 1, 1]",-1.7982639241942802,-1.5323985850072732
"[7, 6, 1, 2]",0.0,-1.672686475505223
"[6, 5, 1, 3]",-2.389018684679231,-2.467230404615951
"[5, 4, 1, 3]",-2.935539787266016,-2.9349482591853384
"[4, 3, 0, 0]",0.0,-3.9481374607390496
"[3, 2, 0, 1]",0.0,-4.721101619684493
"[2, 1, 0, 2]",0.0,-5.007673077085322
"[0, 7, 0, 0]",-0.5453903591633615,-1.4024503064492226
"[9, 6, 0, 1]",0.0,-1.3757399962466133
"[9, 5, 0, 2]",0.0,-1.4029640231028933
"[9, 8, 1, 3]",-1.4248861240798618,-1.449926273236113
"[8, 3, 0, 2]",0.0,-1.1759345189855739
"[7, 2, 0, 3]",-1.3624298232072216,-1.4531429480494202
"[6, 1, 0, 3]",-1.6637462642833318,-3.2954715745100422
"[4, 0, 1, 0]",0.0,-2.7839973437926004
"[3, 9, 1, 1]",0.0,-2.544596910439632
"[2, 9, 1, 2]",-0.1043285579157572,-2.5626948928558053
"[4, 9, 1, 0]",0.0,-2.4560007502305914
"[3, 8, 0, 3]",-1.395280859508536,-1.3962743309327854
"[2, 7, 0, 3]",-2.5809507807489815,-1.585923549552626
"[1, 6, 0, 3]",-3.172330528604436,-1.973031327178633
"[0, 5, 0, 3]",-5.353675422446449,-1.483593603046708
"[0, 4, 1, 0]",0.0,-7.5700957984104065
"[0, 3, 1, 1]",0.0,-7.128457857727172
"[0, 2, 1, 2]",0.0,-6.490849633702729
"[5, 0, 1, 3]",-4.924788055801394,-1.6660690142087313
"[4, 6, 1, 3]",-1.4934460378874088,-2.63155881753153
"[3, 5, 1, 3]",-2.5019818370464884,-3.3588113104491426
"[2, 4, 0, 0]",0.0,-2.514690867206767
"[1, 3, 0, 1]",0.0,-2.5394361336299487
"[0, 2, 0, 2]",-2.5481764008638312,-2.530071050337995
"[0, 6, 0, 1]",0.0,-1.411505467458707
"[5, 8, 0, 1]",0.0,-0.9437029798423076
"[4, 7, 0, 2]",0.0,-1.4522323557544117
"[2, 5, 0, 3]",-3.5800707158648235,-2.0657084003270887
"[1, 4, 1, 0]",0.0,-5.519424010023624
"[7, 0, 0, 1]",-0.23780099180585973,-7.541699522306616
"[6, 0, 0, 2]",0.0,-6.722357350209443
"[8, 9, 0, 1]",-0.08401275186556967,-1.924201543491147
"[7, 9, 0, 2]",-0.06938420832031666,-2.1445275587965162
"[2, 8, 1, 2]",0.0,-2.749055867371345
"[8, 4, 1, 3]",-2.0734747031750973,-2.0897077071511503
"[5, 1, 1, 3]",-6.456578137863159,-1.7658557782370408
"[4, 0, 0, 0]",0.0,-7.619085661748688
"[3, 0, 0, 1]",0.0,-7.109943290939795
"[0, 1, 0, 1]",0.0,-4.814200387660846
"[9, 4, 0, 0]",0.0,-2.3598809764238204
"[5, 0, 1, 1]",0.0,-1.4731703767036266
"[8, 9, 1, 2]",-0.37573732978514934,-1.3921812702513112
"[6, 8, 1, 3]",-1.4654532641417748,-1.465890910399597
"[5, 7, 1, 3]",-1.6798453837831127,-1.6706750367442529
"[3, 5, 0, 0]",0.0,-1.612948957277664
"[2, 4, 0, 1]",0.0,-1.7593009903035566
"[1, 3, 0, 2]",0.0,-1.91049043744669
"[0, 2, 0, 3]",-6.576527838619993,-2.183497131699119
"[4, 8, 1, 2]",0.0,-1.2442119398270746
"[3, 7, 1, 3]",-1.5609023849578147,-1.5845968970127868
"[2, 6, 1, 3]",-1.6487230589968682,-2.605941068996813
"[1, 5, 0, 0]",0.0,-1.746709648971761
"[0, 4, 0, 1]",0.0,-1.8002667742324756
"[7, 1, 1, 3]",-8.812306623040284,-1.7454691419088217
"[6, 0, 0, 0]",0.0,-9.741138801384047
"[5, 0, 0, 1]",0.0,-9.193636408700922
"[4, 0, 0, 2]",0.0,-8.400928344293934
"[3, 1, 1, 1]",0.0,-2.79991734914067
"[2, 0, 1, 2]",-0.7090687495120173,-2.9406170026676746
"[9, 6, 0, 0]",0.0,-1.3490657654737048
"[8, 2, 1, 2]",-0.7375585261140732,-1.692996244698284
"[6, 0, 1, 3]",-8.655334270681202,-1.6546584736273175
"[5, 6, 1, 3]",-1.8384342385622507,-1.8358420854815816
"[4, 5, 1, 3]",-2.129293054023647,-3.4348986216009365
"[3, 4, 0, 0]",0.0,-2.397042940391374
"[2, 3, 0, 1]",0.0,-2.6029921229077058
"[6, 8, 0, 3]",-2.141160884675235,-2.073778610247114
"[5, 7, 0, 3]",-3.181095777848339,-2.4550561601568734
"[4, 6, 0, 3]",-3.103751555333236,-2.6492002642687287
"[3, 5, 0, 3]",-3.815759795638657,-2.753404663554996
"[2, 4, 1, 0]",0.0,-5.153261401113526
"[1, 3, 1, 1]",0.0,-6.102730455156411
"[2, 0, 0, 1]",-1.6228548677213237,-6.0004423269236575
"[1, 0, 0, 2]",0.0,-4.965499815039411
"[8, 2, 1, 3]",-6.380276849762615,-2.5874868624222853
"[0, 8, 0, 0]",-1.6171224145058547,-1.2712261535848284
"[8, 2, 1, 1]",-1.501664689862441,-1.3532235563642496
"[7, 1, 1, 2]",0.0,-1.5038442173389044
"[2, 0, 1, 1]",-0.02454366080300725,-3.7952936228610703
"[4, 8, 1, 1]",0.0,-2.2171621261699523
"[3, 7, 1, 2]",0.0,-2.4523272440829387
"[1, 5, 1, 3]",-2.778805967580598,-4.56816647100089
"[7, 1, 0, 0]",0.0,-7.844155471174274
"[6, 0, 0, 1]",0.0,-8.653922742231142
"[5, 0, 0, 2]",0.0,-7.829867462526254
"[6, 8, 0, 2]",0.0,-1.93866905138732
"[3, 5, 1, 0]",0.0,-4.481701802269248
"[2, 4, 1, 1]",0.0,-5.819505063124469
"[1, 3, 1, 2]",0.0,-6.230139788109135
"[7, 8, 0, 2]",0.0,-0.7498586074747119
"[6, 7, 0, 3]",-1.5341758557224727,-1.7175533211103415
"[5, 6, 0, 3]",-2.609757376094449,-2.314568194535517
"[4, 5, 0, 3]",-2.8386712879579257,-2.73913486561687
"[3, 4, 1, 0]",0.0,-3.887206397678182
"[2, 3, 1, 1]",0.0,-4.788587620587419
"[1, 2, 1, 2]",0.0,-5.303477926919468
"[2, 7, 1, 0]",0.0,-3.644976624034448
"[1, 6, 1, 1]",0.0,-6.798219591894538
"[1, 7, 1, 0]",0.0,-7.340086444678237
"[3, 8, 0, 2]",0.0,-1.0392946383736712
"[7, 8, 0, 3]",-0.9322478722854379,-0.8869749179342212
"[3, 4, 0, 3]",-2.949325660359026,-2.8656863145301568
"[2, 3, 1, 0]",0.0,-3.952455504800048
"[1, 2, 1, 1]",0.0,-4.8517072543574296
"[1, 4, 0, 3]",-5.410221985697473,-2.0632556271106397
"[0, 3, 1, 0]",0.0,-6.8766907757493225
"[0, 2, 1, 1]",-1.0306047772881457,-6.040520515369307
"[4, 6, 0, 1]",0.0,-1.9902249496330469
"[3, 5, 0, 2]",0.0,-2.247300165164567
"[2, 4, 0, 3]",-4.8892324881698945,-2.549367792559227
"[1, 3, 0, 3]",-6.491737999764221,-2.04305191056546
"[0, 1, 1, 0]",0.0,-6.963416125649095
"[0, 8, 0, 2]",-1.5982750726853625,-1.5226835385209194
"[8, 7, 0, 3]",-0.8710751247152105,-0.7772464330864731
"[7, 6, 0, 3]",-1.076082974603103,-1.102475757465783
"[6, 5, 1, 0]",0.0,-1.6531607196948557
"[5, 4, 1, 1]",0.0,-2.340420636692973
"[4, 3, 1, 2]",0.0,-2.870187620879108
"[3, 2, 1, 3]",-3.716279270421281,-3.304266712037772
"[7, 9, 1, 0]",-0.05863737465954888,-1.434954496292864
"[4, 8, 1, 3]",-1.338850156859216,-1.4031636556190124
"[2, 6, 0, 0]",0.0,-1.7317977876982413
"[1, 5, 0, 1]",0.0,-1.817003730530061
"[0, 4, 0, 2]",0.0,-1.8572162859300114
"[0, 8, 0, 3]",-7.8621062387789316,-1.7004827676549459
"[0, 0, 0, 1]",0.0,-6.284037820913534
"[8, 0, 1, 0]",-1.4393903698600194,-1.3109634719626833
"[9, 7, 0, 0]",-0.3517351792038862,-1.3754510672579583
"[0, 7, 0, 3]",-6.952284969035429,-1.5065173543030508
"[0, 6, 1, 0]",0.0,-9.915858445354923
"[0, 5, 1, 1]",0.0,-9.22009631445067
"[0, 4, 1, 2]",0.0,-8.317691707128155
"[4, 8, 0, 2]",0.0,-1.6397060121658529
"[3, 7, 0, 3]",-3.077880968792206,-2.25208128013871
"[2, 6, 0, 3]",-4.969776626787007,-1.9279137506829043
"[1, 5, 0, 3]",-5.768174672979351,-1.953723288333028
"[7, 1, 0, 1]",0.0,-6.543593096035377
"[5, 8, 1, 0]",0.0,-2.730422736808883
"[4, 7, 1, 1]",0.0,-3.189992307923995
"[3, 6, 1, 2]",0.0,-3.3755864626969356
"[8, 1, 0, 1]",0.0,-4.518733364475777
"[7, 0, 0, 2]",0.0,-5.373545594368612
"[3, 0, 1, 1]",0.0,-2.745274001412419
"[2, 7, 1, 2]",0.0,-2.0815944801726953
"[1, 6, 1, 3]",-1.5996043797048645,-3.131313644276291
"[0, 2, 0, 1]",-1.6662666850423566,-3.9202384804707515
"[9, 3, 0, 0]",0.0,-3.343308595509906
"[8, 2, 0, 1]",0.0,-4.061598343676762
"[7, 1, 0, 2]",0.0,-4.285598480194264
"[8, 4, 0, 2]",0.0,-1.4005522199728238
"[7, 3, 0, 3]",-1.407341577372584,-1.5727080306067425
"[6, 2, 0, 3]",-1.6034803037520695,-2.461416588189376
"[2, 3, 0, 3]",-4.017385521183868,-2.8688910199795323
"[1, 2, 1, 0]",0.0,-5.173233367880434
"[0, 1, 1, 1]",0.0,-6.309697583008443
"[0, 0, 1, 2]",0.0,-5.809066137846431
"[7, 0, 1, 2]",-0.21219693024849848,-1.48903720747633
"[7, 0, 1, 1]",-0.6140105855788524,-1.3082257643500883
"[6, 3, 1, 2]",0.0,-1.620724964159774
"[5, 2, 1, 3]",-3.3404636680092445,-2.0819889311154447
"[0, 8, 0, 1]",-0.9047114527512216,-1.3411493610772083
"[9, 4, 1, 0]",0.0,-1.5936811824673194
"[3, 7, 1, 1]",0.0,-3.372023925337104
"[2, 6, 1, 2]",0.0,-4.1397496216935386
"[7, 2, 0, 1]",0.0,-1.142530842439653
"[6, 1, 0, 2]",0.0,-3.515368231090701
"[0, 4, 0, 3]",-6.295540259610989,-1.4850192195254253
"[5, 6, 1, 0]",0.0,-2.503497089086454
"[4, 5, 1, 1]",0.0,-3.634268384547919
"[3, 4, 1, 2]",0.0,-4.576516129579957
"[2, 3, 1, 3]",-4.533371738039335,-5.202165928643122
"[1, 2, 1, 3]",-5.561860984412968,-5.579809559188178
"[8, 0, 0, 1]",-0.12634444951210394,-6.220407332786487
"[7, 8, 0, 1]",0.0,-0.26305274269740764
"[6, 7, 0, 2]",0.0,-1.114082512258318
"[7, 6, 1, 0]",0.0,-1.4480838119702517
"[6, 5, 1, 1]",0.0,-2.1496220383579168
"[5, 4, 1, 2]",0.0,-2.7497591773032943
"[4, 3, 1, 3]",-3.352947698868545,-3.2759253068863563
"[1, 0, 0, 0]",0.0,-7.446529158585401
"[8, 7, 1, 3]",-0.6061880603128259,-0.7138547747309842
"[7, 6, 1, 3]",-1.5075366439520232,-1.4620271738903905
"[6, 5, 0, 0]",0.0,-2.5878203960741426
"[5, 4, 0, 1]",0.0,-3.769159317021838
"[4, 3, 0, 2]",0.0,-4.577747710915931
"[3, 2, 0, 3]",-4.519018377611771,-5.077856337194657
"[8, 2, 0, 2]",0.0,-2.428206203854196
"[7, 8, 1, 1]",-0.0006378451692722199,-0.3441577204545143
"[6, 7, 1, 2]",0.0,-1.075013256802037
"[4, 6, 0, 0]",0.0,-1.876472653657617
"[3, 5, 0, 1]",0.0,-2.045662976801291
"[2, 4, 0, 2]",0.0,-2.0542637551777148
"[6, 2, 0, 0]",0.0,-5.712392439656373
"[5, 1, 0, 1]",0.0,-7.962080145819269
"[8, 1, 0, 3]",-1.4343037827349188,-2.2176796188751577
"[8, 6, 0, 3]",-1.568427870145951,-1.5721207914372728
"[7, 5, 0, 3]",-1.7101834372091693,-1.7235671378807085
"[6, 4, 0, 3]",-1.594982247031737,-2.743904376262905
"[3, 1, 1, 0]",0.0,-3.9473489372907946
"[5, 1, 1, 0]",0.0,-1.7940765378137267
"[0, 8, 1, 1]",0.0,-6.315206621921003
"[0, 7, 1, 2]",0.0,-5.56318884535172
"[1, 7, 0, 0]",0.0,-1.4301376148300937
"[8, 1, 1, 1]",0.0,-1.2430794412333732
"[8, 2, 1, 0]",-0.7248585656053175,-1.1454283036562463
"[7, 1, 1, 1]",0.0,-1.2524997927286756
"[6, 0, 1, 2]",0.0,-1.3403810078736833
"[1, 8, 0, 1]",0.0,-1.1818843445979579
"[0, 7, 0, 2]",0.0,-1.340377605694248
"[3, 6, 0, 1]",0.0,-1.6283560953349623
"[2, 5, 0, 2]",0.0,-1.9152026101719493
"[0, 3, 0, 3]",-5.905588200144427,-1.7585322718627618
"[8, 1, 1, 3]",-5.439099969147047,-1.6505270105239886
"[7, 0, 1, 3]",-7.531883304656066,-1.59588458498755
"[3, 8, 0, 0]",0.0,-0.48319117192799127
"[2, 7, 0, 1]",-0.15272843535983222,-0.8609676909512953
"[1, 6, 0, 2]",0.0,-1.1944529414738598
"[8, 0, 0, 0]",0.0,-8.049338600305095
"[6, 8, 0, 1]",0.0,-1.6495631297277058
"[5, 7, 0, 2]",0.0,-2.1821610040310437
"[1, 3, 1, 0]",0.0,-5.683652584538742
"[5, 8, 0, 0]",0.0,-0.2570247199664123
"[4, 7, 0, 1]",0.0,-0.9732060748805488
"[3, 6, 0, 2]",0.0,-1.4868917612989885
"[1, 8, 1, 3]",-1.357916787788155,-2.3431904836891504
"[0, 5, 0, 1]",0.0,-1.6237040286841606
"[6, 1, 1, 1]",0.0,-1.434459093475945
"[5, 0, 1, 2]",0.0,-1.447107892636924
"[8, 4, 1, 0]",0.0,-0.7758607009650074
"[7, 3, 1, 1]",0.0,-1.3440378777098183
"[6, 2, 1, 2]",0.0,-1.6072897555829155
"[3, 0, 0, 0]",0.0,-6.794204903365053
"[4, 8, 0, 1]",0.0,-1.1325554503016741
"[3, 7, 0, 2]",0.0,-1.579412413104169
"[2, 4, 1, 3]",-3.451278604248164,-4.812963433413193
"[1, 3, 0, 0]",0.0,-3.6344190002623185
"[6, 5, 0, 2]",0.0,-2.7166114342289265
"[4, 3, 0, 3]",-3.413101795319121,-4.044001089913827
"[5, 3, 1, 1]",0.0,-1.9908179240520338
"[4, 2, 1, 2]",0.0,-2.1496063884148984
"[3, 1, 1, 3]",-5.973222201631017,-2.141978290024951
"[2, 0, 1, 3]",-6.963431453005757,-2.5735438456688042
"[8, 3, 0, 3]",-1.1277375655738815,-1.1423946985999673
"[7, 2, 1, 0]",0.0,-1.3180700992027568
"[1, 5, 1, 1]",0.0,-8.049224959139066
"[5, 8, 1, 3]",-1.23858519014726,-1.2489994457716456
"[4, 7, 0, 0]",0.0,-1.4120467675553852
"[8, 6, 0, 1]",0.0,-2.239536937665389
"[7, 5, 0, 2]",0.0,-2.4702450020383484
"[4, 2, 1, 0]",0.0,-2.681069690655108
"[7, 8, 1, 0]",-0.008915786744318739,-1.82773531396713
"[6, 7, 1, 1]",0.0,-2.553963406937339
"[5, 6, 1, 2]",0.0,-3.0084117610687935
"[3, 4, 1, 3]",-3.6661722112308905,-4.306816085640892
"[2, 3, 0, 0]",0.0,-3.940531160222272
"[1, 2, 0, 1]",0.0,-4.15007599300248
"[0, 1, 0, 2]",0.0,-4.119512990834079
"[6, 8, 1, 1]",0.0,-2.344334231404628
"[5, 7, 1, 2]",0.0,-2.512866700342139
"[2, 8, 0, 0]",0.0,-1.362030214761507
"[1, 7, 0, 1]",0.0,-1.4701925043089368
"[0, 6, 0, 2]",0.0,-1.4984212823706284
"[0, 2, 1, 0]",-0.6883525160908801,-6.990697965439834
"[8, 7, 0, 1]",0.0,-0.3817709251380835
"[7, 6, 0, 2]",0.0,-0.9856328621721341
"[3, 2, 1, 0]",0.0,-3.783331589797966
"[2, 1, 1, 1]",0.0,-4.216252115276111
"[1, 0, 1, 2]",0.0,-4.2800591329075415
"[4, 8, 0, 3]",-2.2792350142594535,-2.203446004885085
"[1, 6, 1, 0]",0.0,-6.182261139271825
"[6, 8, 0, 0]",0.0,-1.2880099719861176
"[5, 7, 0, 1]",0.0,-1.8480184791543608
"[4, 6, 0, 2]",0.0,-2.14225426898813
"[3, 8, 1, 0]",0.0,-0.628696370660472
"[2, 7, 1, 1]",0.0,-2.3250138586539095
"[1, 6, 1, 2]",0.0,-4.300659358960988
"[8, 6, 0, 0]",0.0,-2.772620989772487
"[7, 5, 1, 0]",0.0,-1.8341405361479892
"[6, 4, 1, 1]",0.0,-2.052286811908067
"[5, 3, 1, 2]",0.0,-2.218172953534652
"[4, 2, 1, 3]",-3.793154891404432,-2.2590333499772353
"[2, 1, 0, 0]",0.0,-5.021423397500373
"[1, 7, 1, 1]",0.0,-6.255157408052213
"[7, 0, 0, 0]",0.0,-9.060662397819128
"[1, 0, 1, 1]",0.0,-4.737556120398171
"[7, 8, 0, 0]",0.0,-0.08542114279038293
"[6, 7, 0, 1]",0.0,-0.5304102107191949
"[5, 6, 0, 2]",0.0,-1.6233689843931935
"[1, 2, 0, 3]",-4.47067776496082,-2.988108715006806
"[2, 6, 0, 1]",0.0,-1.5269518081948887
"[1, 5, 0, 2]",0.0,-1.5328349068324219
"[6, 3, 0, 3]",-1.9607506785591955,-2.245342164674884
"[5, 2, 0, 3]",-2.5397917010595257,-3.773859791893035
"[4, 1, 1, 0]",0.0,-2.7369368981174613
"[7, 6, 0, 0]",0.0,-1.3208496630957016
"[6, 5, 0, 1]",0.0,-2.4510003063431394
"[5, 4, 0, 2]",0.0,-3.3295398915730923
"[2, 1, 1, 0]",0.0,-4.720688424244324
"[5, 3, 0, 1]",0.0,-5.558037838530228
"[4, 2, 0, 2]",0.0,-6.013980321323805
"[1, 4, 0, 1]",0.0,-1.7886018690455598
"[0, 3, 0, 2]",0.0,-1.6627852017408613
"[2, 6, 1, 0]",0.0,-5.701796357486165
"[2, 6, 1, 1]",0.0,-5.988263109879687
"[1, 5, 1, 2]",0.0,-6.755919697781537
"[8, 6, 1, 2]",0.0,-1.7963087153539365
"[8, 5, 0, 1]",0.0,-1.6673826502253015
"[7, 4, 0, 2]",0.0,-1.9592563174652835
"[8, 4, 0, 1]",0.0,-2.1375238793239495
"[7, 3, 0, 2]",0.0,-2.3018280536404947
"[7, 4, 0, 3]",-1.2811847243243004,-1.7317360671854405
"[6, 3, 1, 0]",0.0,-1.411977604072175
"[5, 2, 1, 1]",0.0,-1.5053679405835485
"[4, 1, 1, 2]",0.0,-1.578766794000244
"[8, 5, 0, 2]",0.0,-1.4060256905940949
"[5, 2, 1, 0]",0.0,-2.0725086119566023
"[4, 1, 1, 1]",0.0,-1.9404303608238258
"[3, 0, 1, 2]",0.0,-1.6752951148842279
"[3, 7, 0, 0]",0.0,-1.439298502894988
"[6, 4, 1, 0]",0.0,-1.836106480901647
"[0, 8, 1, 0]",0.0,-7.961278542934289
"[2, 5, 0, 1]",0.0,-1.5024984469577038
"[1, 4, 0, 2]",0.0,-1.5534266402818753
"[6, 7, 1, 3]",-1.3776853411041527,-1.4127063604717716
"[4, 5, 0, 0]",0.0,-2.2611192553130324
"[3, 4, 0, 1]",0.0,-2.6248509140751533
"[2, 3, 0, 2]",0.0,-2.840563553812112
"[8, 7, 0, 2]",-0.037975031764075885,-0.5046895817907489
"[8, 5, 0, 3]",-1.205677966594295,-1.1744264361202232
"[8, 6, 0, 2]",0.0,-1.3641870043656523
"[5, 3, 1, 0]",0.0,-1.6612304602223886
"[4, 2, 1, 1]",0.0,-1.7606733406992514
"[3, 1, 1, 2]",0.0,-1.8593276379677366
"[6, 3, 0, 1]",0.0,-4.962846910862774
"[5, 2, 0, 2]",0.0,-5.54213137502804
"[4, 1, 0, 3]",-3.643621581433227,-5.793587434565283
"[1, 8, 0, 2]",0.0,-1.3146894948578467
"[5, 8, 1, 2]",0.0,-1.4912906792492342
"[4, 7, 1, 3]",-1.3280785574823992,-1.6118204142756378
"[2, 5, 0, 0]",0.0,-1.747322635772137
"[7, 1, 1, 0]",0.0,-1.5145285871956427
"[8, 5, 1, 2]",0.0,-1.4457504549036873
"[7, 4, 1, 3]",-1.8927552327921495,-1.8766476908831908
"[6, 3, 1, 3]",-2.3161692662962565,-2.0770902154954896
"[4, 1, 0, 0]",0.0,-5.488523235402894
"[8, 3, 0, 1]",0.0,-1.15229411794165
"[7, 2, 0, 2]",0.0,-2.17994501084607
"[3, 5, 1, 2]",0.0,-4.428043651726818
"[1, 3, 1, 3]",-5.00454397020562,-6.4399815182896685
"[1, 2, 0, 0]",0.0,-4.667005119777112
"[7, 3, 1, 2]",0.0,-1.8869163235182056
"[1, 8, 0, 0]",0.0,-1.2149536127073712
"[0, 7, 0, 1]",-0.8041143742603518,-1.2992914430522233
"[8, 6, 1, 3]",-2.1243440583404096,-1.9952668141625025
"[7, 5, 0, 0]",0.0,-3.25259667956651
"[3, 7, 0, 1]",0.0,-1.4668120963296547
"[2, 6, 0, 2]",0.0,-1.722468051797444
"[6, 1, 1, 0]",0.0,-1.481866737364934
"[8, 3, 1, 3]",-1.6378776659151333,-1.5731905632817402
"[6, 1, 0, 0]",0.0,-5.859117813522146
"[8, 7, 1, 0]",0.0,-0.17964818509207228
"[7, 6, 1, 1]",0.0,-0.9699267901315867
"[6, 5, 1, 2]",0.0,-2.0518654687084843
"[8, 7, 0, 0]",0.0,-1.6849679432466516
"[7, 6, 0, 1]",0.0,-2.252198642947235
"[7, 2, 0, 0]",0.0,-3.793780532112817
"[6, 1, 0, 1]",0.0,-6.9130231366612405
"[8, 2, 0, 0]",0.0,-5.37747441952569
"[7, 5, 1, 1]",0.0,-1.3921008375010808
"[6, 4, 1, 2]",0.0,-1.8737541945113751
"[3, 1, 0, 0]",0.0,-5.147958174732125
"[3, 5, 1, 1]",0.0,-5.482812045045847
"[2, 4, 1, 2]",0.0,-5.994195125327695
"[6, 3, 0, 0]",0.0,-3.866675570643028
"[5, 2, 0, 1]",0.0,-6.175624529122939
"[4, 1, 0, 2]",0.0,-7.006745406626436
"[7, 3, 0, 0]",0.0,-3.869701967665721
"[6, 2, 0, 1]",0.0,-5.876308373294654
"[5, 1, 0, 2]",0.0,-6.547902548050258
"[5, 7, 0, 0]",0.0,-1.7214443675302844
"[4, 6, 1, 2]",0.0,-3.2253274476455545
"[8, 1, 0, 2]",0.0,-3.225518614993435
"[4, 6, 1, 0]",0.0,-4.434212230874477
"[3, 6, 0, 0]",0.0,-1.4208459867752254
"[4, 8, 1, 0]",0.0,-1.981246465711323
"[7, 4, 1, 0]",0.0,-1.3797618900588342
"[6, 3, 1, 1]",0.0,-1.5422267147756603
"[8, 5, 1, 3]",-1.755008139039196,-1.6085958505585742
"[8, 5, 0, 0]",0.0,-2.478590804021019
"[7, 4, 0, 1]",0.0,-3.0099889524405246
"[6, 3, 0, 2]",0.0,-3.388535501905422
"[2, 5, 1, 1]",0.0,-6.267298771432524
"[1, 4, 1, 2]",0.0,-7.058920832428059
"[3, 8, 1, 3]",-0.9956603838821126,-0.9977931537819611
"[2, 7, 0, 0]",-0.6846838033744654,-1.1850275096788108
"[1, 6, 0, 1]",0.0,-1.4314950926514396
"[0, 5, 0, 2]",0.0,-1.5858490386800075
"[6, 4, 0, 0]",0.0,-3.863010687789271
"[8, 3, 1, 0]",0.0,-0.5864420805776581
"[7, 2, 1, 1]",0.0,-0.9569885886523836
"[6, 1, 1, 2]",0.0,-1.3860727280420022
"[8, 7, 1, 2]",-0.06986685986833054,-0.681073289640704
"[5, 4, 0, 0]",0.0,-3.4551381720093897
"[8, 1, 1, 2]",0.0,-1.438923136967086
"[3, 8, 1, 2]",0.0,-1.1310060931999772
"[2, 7, 1, 3]",-1.1965824195583505,-1.458843179264414
"[8, 6, 1, 0]",0.0,-0.5018158932094889
"[5, 1, 1, 1]",0.0,-1.613120337489703
"[4, 0, 1, 2]",0.0,-1.7444973504898535
"[5, 4, 1, 0]",0.0,-2.0510357311685166
"[1, 6, 0, 0]",0.0,-1.429263697758774
"[7, 5, 1, 2]",0.0,-2.005620203326705
"[3, 4, 0, 2]",0.0,-2.7312449548250397
"[5, 7, 1, 1]",0.0,-3.048263793482124
"[8, 1, 1, 0]",0.0,-1.1970508928387147
"[7, 8, 1, 3]",-1.2827418445781589,-1.129701846190199
"[5, 6, 0, 0]",0.0,-1.880765738708188
"[4, 5, 0, 1]",0.0,-2.3599959267073833
"[7, 4, 0, 0]",0.0,-3.2058326596171054
"[4, 2, 0, 1]",0.0,-5.752095689339973
"[3, 1, 0, 2]",0.0,-6.086048760122113
"[5, 3, 0, 0]",0.0,-4.894486567205892
"[6, 2, 1, 0]",0.0,-1.4696033676374158
"[1, 5, 1, 0]",0.0,-7.044206576845638
"[4, 6, 1, 1]",0.0,-3.879193016102784
"[3, 2, 0, 0]",0.0,-4.202781439935855
"[2, 1, 0, 1]",0.0,-4.790558244124819
"[5, 2, 0, 0]",0.0,-4.554079882377713
"[4, 1, 0, 1]",0.0,-7.001804079611616
"[7, 8, 1, 2]",-0.14496845336046402,-0.5597193014593077
"[6, 8, 1, 2]",0.0,-1.3031913795848598
"[5, 7, 1, 0]",0.0,-3.060333487159541
"[4, 5, 1, 0]",0.0,-3.833081486139083
"[3, 4, 1, 1]",0.0,-4.812825567113848
"[2, 3, 1, 2]",0.0,-5.261675617508521
"[3, 6, 1, 0]",0.0,-4.10069275768114
"[4, 8, 0, 0]",0.0,-0.959556709204389
"[1, 8, 1, 1]",0.0,-4.17792442223693
"[5, 6, 1, 1]",0.0,-3.050269743189578
"[4, 5, 1, 2]",0.0,-3.8113310608106197
"[2, 8, 1, 1]",0.0,-4.060010089209195
"[1, 7, 1, 2]",0.0,-4.512470291040412
"[6, 7, 0, 0]",0.0,-1.8385755842792986
"[5, 6, 0, 1]",0.0,-2.3555760588727686
"[4, 5, 0, 2]",0.0,-2.714123243046211
"[8, 4, 1, 1]",0.0,-1.4508391512629968
"[6, 8, 1, 0]",0.0,-2.730021590804649
"[8, 6, 1, 1]",0.0,-1.396879323397004
"[8, 7, 1, 1]",0.0,-0.7487775408207433
"[1, 8, 1, 2]",0.0,-3.354759389180675
"[8, 3, 1, 1]",0.0,-0.3293580573122724
"[7, 2, 1, 2]",-0.30257648776710055,-0.9428304740978481
"[2, 8, 1, 0]",0.0,-5.081566098417133
"[3, 7, 1, 0]",0.0,-4.072744459384585
"[8, 5, 1, 0]",0.0,-0.530329193638001
"[7, 4, 1, 1]",0.0,-1.0713350206415218
"[1, 8, 1, 0]",0.0,-4.781196778339049
"[7, 4, 1, 2]",0.0,-1.7789713666321678
"[6, 7, 1, 0]",0.0,-1.9046630814722867
"[8, 5, 1, 1]",0.0,-1.3275525560830976
"[8, 3, 0, 0]",0.0,-0.039948564360232405
"[3, 8, 0, 1]",0.0,-0.6499029668396963
"[2, 7, 0, 2]",-0.03579896956002577,-1.1976725317183796
"[8, 1, 0, 0]",0.0,-5.318755448870251
"[3, 8, 1, 1]",0.0,-1.0108917324457347
