"[9, 9, 0, 0]",0.0,-0.13090272459905727
"[9, 9, 0, 1]",0.0,-0.11184048228785887
"[9, 9, 0, 2]",0.0,-0.36772718163531737
"[9, 9, 0, 3]",-0.14596995852385586,-0.5033037665069608
"[9, 9, 1, 0]",0.0,-0.14388337365514045
"[9, 9, 1, 1]",0.0,-0.10953618092757489
"[9, 9, 1, 2]",0.0,-0.196687185021368
"[9, 9, 1, 3]",-0.014742270502635555,-0.5397869967817162
"[9, 8, 0, 3]",-0.07549282598825446,-0.3508859675398906
"[9, 7, 0, 3]",-0.036612353615021596,-0.2844580841892526
"[9, 6, 1, 0]",0.0,-0.0997176196380408
"[9, 5, 1, 1]",0.0,-0.1017062455428047
"[9, 4, 1, 2]",0.0,-0.23749669627644313
"[9, 3, 1, 3]",-0.2327456862763638,-0.33052474139010024
"[9, 2, 0, 0]",0.0,-0.558911293023506
"[9, 1, 0, 1]",0.0,-0.5631975204682869
"[9, 0, 0, 2]",0.0,-1.1877773935082172
"[8, 9, 1, 0]",0.0,-0.2991039814209563
"[7, 9, 1, 1]",0.0,-0.2980740935399194
"[6, 8, 1, 2]",0.0,-0.2956966361940107
"[5, 7, 1, 3]",0.0,-0.18142064626278487
"[4, 6, 0, 0]",0.0,-0.08355519769646821
"[3, 5, 0, 1]",0.0,-0.11824684595477121
"[2, 4, 0, 2]",0.0,-0.25417330052580617
"[1, 3, 0, 3]",-0.11176626917480947,-0.47515456191672195
"[0, 2, 0, 3]",-0.9797244404095546,-0.3684591124988216
"[0, 1, 1, 0]",0.0,-0.9999999999999996
"[0, 0, 1, 1]",0.0,-0.9999999999999996
"[0, 0, 1, 2]",0.0,-1.8999999999999986
"[0, 0, 1, 3]",-0.9999999999999996,-1.8999999999999986
"[8, 9, 1, 3]",-0.018869910572535686,-0.22700774305578658
"[7, 9, 0, 0]",0.0,-0.20941583317855625
"[6, 9, 0, 1]",0.0,-0.22807634512166716
"[5, 9, 0, 2]",0.0,-0.5776028402241973
"[4, 9, 0, 3]",-0.3253425348132113,-0.5978345664409831
"[3, 9, 0, 3]",-0.23989248030028398,-0.6974170395400061
"[2, 9, 0, 3]",-0.2551710982253964,-0.5641963345323046
"[1, 9, 1, 0]",0.0,-0.25778735319765084
"[0, 9, 1, 1]",0.0,-0.9999999999999996
"[0, 9, 1, 2]",0.0,-1.8999999999999986
"[0, 9, 1, 3]",-0.9999999999999996,-1.8999999999999986
"[6, 9, 0, 0]",0.0,-0.09038931439273099
"[5, 9, 0, 1]",0.0,-0.15139630476003504
"[4, 9, 0, 2]",0.0,-0.494768284650467
"[2, 9, 1, 0]",0.0,-0.30734312218357235
"[1, 9, 1, 1]",0.0,-0.34150887816903874
"[4, 9, 0, 0]",0.0,-0.06079718137893331
"[3, 9, 0, 1]",0.0,-0.11666076901509817
"[2, 9, 0, 2]",0.0,-0.4638731131417487
"[1, 9, 0, 3]",-0.23763986153131061,-0.6738475762099181
"[0, 9, 1, 0]",0.0,-0.9999999999999996
"[0, 8, 1, 2]",0.0,-1.8999999999999986
"[0, 7, 1, 3]",-0.9999999999999996,-1.8999999866714479
"[0, 6, 1, 3]",-0.9999999999999996,-1.8999999950658866
"[9, 5, 0, 0]",0.0,-0.5016051505420415
"[9, 4, 0, 1]",0.0,-0.5114354995824362
"[9, 3, 0, 2]",0.0,-0.6191875637387738
"[9, 2, 0, 3]",-0.17993414158438553,-0.6398531744169934
"[9, 1, 0, 3]",-0.26430723753206525,-1.526779999414215
"[9, 0, 1, 0]",0.0,-0.6368010719002816
"[9, 0, 1, 1]",0.0,-0.4381053556048836
"[9, 0, 1, 2]",0.0,-0.7312641455645706
"[9, 0, 1, 3]",-0.2850899586303492,-0.754749669248584
"[8, 9, 0, 3]",-0.1294423776396681,-0.5905744358906044
"[7, 9, 1, 0]",0.0,-0.13955193440249078
"[6, 9, 1, 1]",0.0,-0.1395610827007527
"[5, 9, 1, 2]",0.0,-0.14443289446311272
"[4, 9, 1, 3]",-9.440462170522161e-08,-0.4542062915911603
"[3, 9, 1, 3]",-0.0011311964082850394,-0.4366380535416497
"[2, 9, 1, 3]",-0.053370944743956705,-0.4170986596147876
"[1, 9, 1, 3]",-0.020631527938846355,-1.3198443897924816
"[0, 9, 0, 0]",0.0,-0.013865424347484778
"[9, 7, 1, 0]",0.0,-0.07570039031205705
"[9, 6, 1, 1]",0.0,-0.08335338461433911
"[9, 5, 1, 2]",0.0,-0.18364857559528086
"[9, 4, 1, 3]",-0.04675330152733347,-0.36664782594498047
"[9, 3, 0, 0]",0.0,-0.14883293397271838
"[9, 2, 0, 1]",0.0,-0.14169091881044718
"[9, 1, 0, 2]",0.0,-1.304146850516454
"[9, 0, 0, 3]",-0.9999999999999996,-1.2358987026320447
"[8, 9, 1, 1]",0.0,-0.12543235288306961
"[7, 9, 1, 2]",0.0,-0.16551546250822768
"[6, 9, 1, 3]",-0.013509228107384405,-0.34291252509028286
"[5, 9, 1, 3]",-9.415721773454212e-06,-0.3808501038706156
"[9, 8, 0, 1]",0.0,-0.4044972421627498
"[9, 7, 0, 2]",0.0,-0.58363312204688
"[9, 6, 0, 3]",-0.14365658097949371,-0.4609995013743586
"[9, 5, 0, 3]",-0.17817251818103075,-0.6526908327622729
"[9, 4, 1, 0]",0.0,-0.17853763244094867
"[9, 3, 1, 1]",0.0,-0.28367560279637816
"[9, 2, 1, 2]",0.0,-0.3210835137629002
"[9, 1, 1, 3]",-0.1169578112440012,-0.6711960733663612
"[9, 0, 0, 0]",0.0,-0.9999999999999996
"[8, 9, 0, 0]",0.0,-0.22849335689454026
"[7, 9, 0, 1]",0.0,-0.32579964350018975
"[6, 9, 0, 2]",0.0,-0.6256539041900778
"[5, 9, 0, 3]",-0.36253673902742733,-0.8186687439473483
"[4, 9, 1, 0]",0.0,-0.3663534988347429
"[3, 9, 1, 1]",0.0,-0.34353259347148535
"[2, 9, 1, 2]",0.0,-0.38519354393396865
"[9, 8, 0, 0]",0.0,-0.38049691365720256
"[9, 7, 0, 1]",0.0,-0.37082928233096657
"[9, 6, 0, 2]",0.0,-0.4632533168132918
"[8, 4, 1, 0]",0.0,-0.028409949247166413
"[7, 3, 1, 1]",0.0,-0.028409949247166413
"[6, 2, 1, 2]",0.0,-0.028711803317226572
"[5, 1, 1, 3]",-5.075289853127035e-05,-0.40479136682467415
"[4, 0, 0, 0]",0.0,-0.9999999999999996
"[7, 9, 1, 3]",-6.2410372023777726e-06,-0.33836142196904867
"[1, 9, 0, 0]",0.0,-0.13326408513982502
"[0, 9, 0, 1]",0.0,-0.13458608592732957
"[4, 8, 0, 3]",-0.00786540352884555,-0.22163486029833349
"[3, 7, 1, 0]",0.0,-0.00801120590160933
"[2, 6, 1, 1]",0.0,-0.017858914937992368
"[1, 5, 1, 2]",0.0,-0.952726758947992
"[0, 4, 1, 3]",-0.9999999999999996,-1.8999987346164184
"[0, 3, 1, 3]",-0.9999999999999996,-1.8999998847291921
"[0, 2, 1, 3]",-0.9999999999999996,-1.899999871240378
"[0, 1, 1, 3]",-0.9999999999999996,-1.8999996446282663
"[9, 8, 1, 3]",-0.1862277270745782,-0.3639422549215438
"[9, 7, 0, 0]",0.0,-0.2902878456797203
"[9, 6, 0, 1]",0.0,-0.33144591458470224
"[9, 5, 0, 2]",0.0,-0.6471359678941981
"[9, 4, 0, 3]",-0.2892803360648598,-0.6736546893942994
"[9, 3, 1, 0]",0.0,-0.28950231644188124
"[9, 2, 1, 1]",0.0,-0.33272117959720166
"[9, 1, 1, 2]",0.0,-0.6276402871730833
"[9, 8, 1, 0]",0.0,-0.02527227176938702
"[9, 7, 1, 1]",0.0,-0.04067283041333502
"[9, 6, 1, 2]",0.0,-0.15040096614536455
"[9, 5, 1, 3]",-0.05304659826940364,-0.3038418947437586
"[3, 9, 1, 0]",0.0,-0.3253425427487374
"[2, 9, 1, 1]",0.0,-0.41370377221557025
"[1, 9, 1, 2]",0.0,-1.3200383721283924
"[2, 9, 0, 0]",0.0,-0.1236225237332495
"[1, 9, 0, 1]",0.0,-0.21304458479278748
"[0, 9, 0, 2]",0.0,-0.42067470020788755
"[5, 9, 0, 0]",0.0,-0.2440963699488748
"[4, 9, 0, 1]",0.0,-0.30750102095571213
"[3, 9, 0, 2]",0.0,-0.5778388006163335
"[2, 8, 0, 3]",-0.0022721570985878054,-0.2260172222670563
"[1, 7, 0, 3]",-0.07380447546663785,-0.4463342953293289
"[0, 6, 1, 0]",0.0,-0.9999999999999996
"[0, 5, 1, 1]",0.0,-0.9999999999999996
"[0, 4, 1, 2]",0.0,-1.8999999999999986
"[9, 8, 0, 2]",0.0,-0.17747896937001678
"[9, 5, 1, 0]",0.0,-0.14899016107291246
"[9, 4, 1, 1]",0.0,-0.16999671274390918
"[9, 3, 1, 2]",0.0,-0.2885225304277991
"[9, 2, 1, 3]",-0.06602507361605998,-0.4498743598571431
"[8, 0, 1, 3]",-0.18389254206099317,-0.5023845525212509
"[7, 0, 1, 3]",-0.20782266782733716,-0.7627658136243562
"[6, 0, 1, 3]",-0.2757737768829702,-0.5278773088579382
"[0, 9, 0, 3]",-0.9999999999999996,-0.2711167391955396
"[9, 8, 1, 2]",0.0,-0.4121528221941398
"[9, 7, 1, 3]",-0.22775658698245216,-0.38518051206082377
"[9, 6, 1, 3]",-0.14785861639510803,-0.6056815056107814
"[9, 1, 1, 0]",0.0,-0.18513676328161868
"[6, 9, 1, 2]",0.0,-0.30569468620127915
"[3, 9, 0, 0]",0.0,-0.04740186577182172
"[2, 9, 0, 1]",0.0,-0.06701020078613151
"[1, 9, 0, 2]",0.0,-0.40896363168529365
"[8, 3, 1, 0]",0.0,-0.31884016025044426
"[7, 2, 1, 1]",0.0,-0.31884016025044426
"[6, 1, 1, 2]",0.0,-0.40211835741197965
"[5, 0, 1, 3]",-0.09421120387240794,-0.41917805084898074
"[4, 0, 1, 3]",-0.12707550261166295,-0.5485183574234288
"[8, 9, 1, 2]",0.0,-0.11188676567684089
"[0, 8, 1, 3]",-0.9999999999999996,-1.8999984548279238
"[8, 7, 0, 0]",0.0,-0.04544949378930404
"[7, 6, 0, 1]",0.0,-0.044793472043607514
"[6, 5, 0, 2]",0.0,-0.12475610265646071
"[5, 4, 0, 3]",-0.02975860836304391,-0.4947452020337286
"[4, 3, 1, 0]",0.0,-0.02975861734449387
"[3, 2, 1, 1]",0.0,-0.04643580055378004
"[2, 1, 1, 2]",0.0,-0.19569467968195328
"[1, 0, 1, 3]",-0.09694476365070229,-1.453668109468738
"[9, 3, 0, 3]",-0.2516235304896453,-0.6416925777937591
"[9, 2, 1, 0]",0.0,-0.33822440657979824
"[9, 1, 1, 1]",0.0,-0.425886017768091
"[9, 6, 0, 0]",0.0,-0.433487889868599
"[9, 5, 0, 1]",0.0,-0.5411784292979086
"[9, 4, 0, 2]",0.0,-0.7353035844377478
"[6, 8, 1, 1]",0.0,-0.13836829694125308
"[5, 7, 1, 2]",0.0,-0.13836841022528784
"[4, 6, 1, 3]",-8.09515401123554e-09,-0.11642817748759794
"[3, 5, 0, 0]",0.0,-0.0889741101253509
"[2, 4, 0, 1]",0.0,-0.08897408060008263
"[1, 3, 0, 2]",0.0,-0.35089811786323377
"[8, 9, 0, 2]",0.0,-0.5847590899221824
"[7, 9, 0, 3]",-0.21783578252418978,-0.7233401713528151
"[6, 9, 1, 0]",0.0,-0.21929294702292124
"[5, 9, 1, 1]",0.0,-0.2207984042799423
"[4, 9, 1, 2]",0.0,-0.22721699263923045
"[8, 5, 0, 2]",0.0,-0.4511721635816287
"[7, 4, 0, 3]",-0.03974553952745336,-0.4996479817971651
"[6, 3, 1, 0]",0.0,-0.04045250478010806
"[5, 2, 1, 1]",0.0,-0.04045250478010809
"[4, 1, 1, 2]",0.0,-0.2363615851996938
"[3, 0, 1, 3]",-0.04254331566254474,-0.48606122592642215
"[2, 0, 1, 3]",-0.2555535986683842,-0.432427154979338
"[2, 8, 0, 0]",0.0,-0.1039265907963439
"[1, 7, 0, 1]",0.0,-0.18082588598703023
"[0, 6, 0, 2]",0.0,-0.2935827920676715
"[1, 8, 0, 3]",-0.0940830439884485,-0.33301550750432796
"[0, 7, 1, 0]",0.0,-0.9999999999999996
"[0, 6, 1, 1]",0.0,-0.9999999999999996
"[0, 5, 1, 2]",0.0,-1.8999999999999986
"[5, 8, 0, 3]",-0.029117435593149422,-0.23864221121647583
"[4, 7, 1, 0]",0.0,-0.029118474334032245
"[3, 6, 1, 1]",0.0,-0.029118474356172146
"[2, 5, 1, 2]",0.0,-0.07852944482767853
"[1, 4, 1, 3]",-0.010534335830344776,-0.8533690877908346
"[9, 1, 0, 0]",0.0,-0.2867031854190085
"[9, 0, 0, 1]",0.0,-0.9999999999999996
"[8, 9, 0, 1]",0.0,-0.3878899113097067
"[7, 9, 0, 2]",0.0,-0.6335281392693176
"[6, 9, 0, 3]",-0.18547201334338534,-0.6353390897962853
"[9, 4, 0, 0]",0.0,-0.32436213965465854
"[8, 3, 0, 1]",0.0,-0.43039206076655007
"[7, 2, 0, 2]",0.0,-0.7803118234084805
"[6, 1, 0, 3]",-0.31406661359779053,-0.9798396191702488
"[5, 0, 1, 0]",0.0,-0.8783478232650576
"[4, 0, 1, 1]",0.0,-0.8058767962567629
"[3, 0, 1, 2]",0.0,-0.9065512633630234
"[9, 3, 0, 1]",0.0,-0.31720221203471816
"[9, 2, 0, 2]",0.0,-0.5960646795130433
"[8, 1, 0, 1]",0.0,-0.32668881977497466
"[7, 0, 0, 2]",0.0,-1.24676356464572
"[8, 0, 0, 0]",0.0,-0.9999999999999996
"[8, 1, 1, 2]",0.0,-0.16066984953585173
"[8, 5, 1, 2]",0.0,-0.003867839703356607
"[7, 4, 1, 3]",-1.0730891267324169e-17,-0.08308428497116929
"[6, 3, 1, 3]",-9.677749310688432e-11,-0.16498265197319203
"[5, 2, 1, 3]",-1.472001545586306e-17,-0.12105729432121493
"[4, 1, 0, 0]",0.0,-0.03758070399755462
"[3, 0, 0, 1]",0.0,-0.9999999999999996
"[9, 8, 1, 1]",0.0,-0.37134723727934593
"[9, 7, 1, 2]",0.0,-0.5157630511317549
"[5, 9, 1, 0]",0.0,-0.19961248311863392
"[4, 9, 1, 1]",0.0,-0.24270006733186744
"[3, 9, 1, 2]",0.0,-0.3132291662725675
"[8, 5, 0, 3]",-0.05631946708703516,-0.341666361211888
"[6, 8, 0, 1]",0.0,-0.0682137995451201
"[5, 7, 0, 2]",0.0,-0.2053988940211572
"[4, 6, 0, 3]",-0.13551210672781522,-0.5499483228429244
"[3, 5, 1, 0]",0.0,-0.13551210672781522
"[2, 4, 1, 1]",0.0,-0.22860570135112632
"[1, 3, 1, 2]",0.0,-1.128605701351126
"[8, 2, 1, 3]",-2.0546676624565616e-09,-0.10435968231120049
"[7, 1, 1, 3]",-1.2704234747596551e-06,-0.35398045870851785
"[6, 0, 0, 0]",0.0,-0.9999999999999996
"[5, 8, 0, 1]",0.0,-0.060927601612925764
"[4, 7, 0, 2]",0.0,-0.12897428354891852
"[3, 6, 0, 3]",-0.0088729520896862,-0.26467182207267637
"[2, 5, 1, 0]",0.0,-0.008909966150120074
"[1, 4, 1, 1]",0.0,-0.0165204471634609
"[0, 3, 1, 2]",0.0,-1.8999999999999986
"[8, 2, 0, 3]",-0.13735787051916304,-0.6750133325851752
"[7, 1, 1, 0]",0.0,-0.13735787051916304
"[6, 0, 1, 1]",0.0,-0.4293740440680132
"[5, 0, 1, 2]",0.0,-0.4661521422161534
"[7, 8, 0, 1]",0.0,-0.07238160815889645
"[6, 7, 0, 2]",0.0,-0.2525936833537122
"[5, 6, 0, 3]",-0.11409275967272271,-0.3201788922879158
"[4, 5, 1, 0]",0.0,-0.12445584668902522
"[3, 4, 1, 1]",0.0,-0.15932401434004534
"[2, 3, 1, 2]",0.0,-0.2524217115562827
"[1, 2, 1, 3]",-0.07326463683899909,-0.8895362053125319
"[0, 1, 0, 0]",0.0,-0.07328415434789325
"[3, 8, 1, 2]",0.0,-0.1746320844150242
"[2, 7, 1, 3]",-0.003364146930508792,-0.21827713755668504
"[1, 6, 1, 3]",-0.004394480710933081,-1.0933279486172647
"[0, 5, 1, 3]",-0.9999999999999996,-1.8999999853172156
"[8, 0, 1, 0]",0.0,-0.7907866274918545
"[7, 0, 1, 1]",0.0,-0.5456577253872301
"[6, 0, 1, 2]",0.0,-0.5424192623519901
"[8, 0, 0, 2]",0.0,-1.180392285613674
"[8, 1, 0, 0]",0.0,-0.23832098794765233
"[7, 0, 0, 1]",0.0,-0.9999999999999996
"[8, 5, 1, 3]",0.0,-0.018197145076536983
"[7, 4, 0, 0]",0.0,-0.021855886307235874
"[6, 3, 0, 1]",0.0,-0.06901039806167428
"[5, 2, 0, 2]",0.0,-0.3585189458221898
"[4, 1, 0, 3]",-0.28068962261421865,-1.0094532017322349
"[3, 0, 0, 3]",-0.9999999999999996,-1.183829709050896
"[2, 0, 1, 0]",0.0,-0.3929253409595061
"[1, 0, 1, 1]",0.0,-0.29428541382577134
"[1, 8, 0, 0]",0.0,-0.4776356051980897
"[0, 7, 0, 1]",0.0,-0.48122325469997096
"[6, 8, 0, 3]",-0.05623647687187698,-0.33455793147775204
"[5, 7, 0, 3]",-0.3612051406154866,-0.36530084992963163
"[4, 6, 1, 0]",0.0,-0.3612077381709312
"[3, 5, 1, 1]",0.0,-0.3612077381714506
"[2, 4, 1, 2]",0.0,-0.432164484249737
"[1, 3, 1, 3]",-0.027986393797498413,-0.9548845733854512
"[8, 5, 1, 1]",0.0,-0.015364457843091138
"[7, 4, 1, 2]",0.0,-0.015364459661733597
"[4, 1, 1, 3]",-0.01566673459639764,-0.2813915118934809
"[4, 8, 1, 1]",0.0,-0.2549533949336519
"[3, 7, 1, 2]",0.0,-0.26200832670131535
"[2, 6, 1, 3]",-0.001838119194962426,-0.2973480123637219
"[1, 5, 1, 3]",-0.06458479856873897,-0.8693837390718772
"[8, 4, 0, 2]",0.0,-0.4159222291234738
"[7, 3, 0, 3]",-0.17451435581873428,-0.3816464514873462
"[6, 2, 1, 0]",0.0,-0.17451435581873428
"[5, 1, 1, 1]",0.0,-0.17451435581873428
"[4, 0, 1, 2]",0.0,-0.369694490619569
"[8, 2, 1, 0]",0.0,-0.14030147876361018
"[7, 1, 1, 1]",0.0,-0.14030147876361018
"[1, 8, 0, 1]",0.0,-0.16711412737015804
"[0, 7, 0, 2]",0.0,-0.34317174947903933
"[8, 7, 1, 0]",0.0,-0.07762782524703918
"[7, 6, 1, 1]",0.0,-0.07762782524703918
"[6, 5, 1, 2]",0.0,-0.07762782524703918
"[5, 4, 1, 3]",0.0,-0.06103903928436131
"[4, 3, 0, 0]",0.0,-0.14508380869173
"[3, 2, 0, 1]",0.0,-0.14979275879443998
"[2, 1, 0, 2]",0.0,-1.0742980160856472
"[1, 0, 0, 3]",-0.9999999999999996,-1.5064009626850945
"[0, 0, 1, 0]",0.0,-0.9999999999999996
"[1, 6, 0, 0]",0.0,-0.3370244582267076
"[0, 5, 0, 1]",0.0,-0.39432201240449644
"[2, 0, 0, 0]",0.0,-0.9999999999999996
"[8, 7, 1, 2]",0.0,-0.20886599674587208
"[7, 6, 1, 3]",0.0,-0.21054956653661847
"[6, 5, 1, 3]",0.0,-0.02541865828329001
"[5, 4, 0, 0]",0.0,-0.18606830222505039
"[4, 3, 0, 1]",0.0,-0.27337956727143786
"[3, 2, 0, 2]",0.0,-0.5631903281753133
"[2, 1, 0, 3]",-0.21373340979939662,-1.223886727351524
"[1, 0, 1, 0]",0.0,-0.5822826199866449
"[8, 1, 1, 3]",-4.498196225154014e-06,-0.27900306107519157
"[7, 0, 0, 0]",0.0,-0.9999999999999996
"[2, 8, 1, 0]",0.0,-4.677173667473336e-09
"[1, 7, 1, 1]",0.0,-0.00024654348175296874
"[0, 6, 1, 2]",0.0,-1.8999999999999986
"[4, 8, 1, 2]",0.0,-0.14673395517216917
"[3, 7, 1, 3]",-4.1131235276044364e-05,-0.24964303257027445
"[2, 6, 0, 0]",0.0,-0.09584286513132813
"[1, 5, 0, 1]",0.0,-0.15188444181752037
"[0, 4, 0, 2]",0.0,-0.2989690490498365
"[7, 8, 0, 0]",0.0,-0.3550556222707889
"[6, 7, 0, 1]",0.0,-0.3638487621464691
"[5, 6, 0, 2]",0.0,-0.5894810296962399
"[4, 5, 0, 3]",-0.1300460571326013,-0.4227239149914575
"[3, 4, 1, 0]",0.0,-0.1334797410073161
"[2, 3, 1, 1]",0.0,-0.13348037466034507
"[1, 2, 1, 2]",0.0,-1.0336153032753432
"[8, 6, 0, 2]",0.0,-0.7305480754476409
"[7, 5, 0, 3]",-0.24791043396145906,-0.4874146595505697
"[6, 4, 1, 0]",0.0,-0.26007006436715174
"[5, 3, 1, 1]",0.0,-0.2600700812673343
"[4, 2, 1, 2]",0.0,-0.2870509494286221
"[3, 1, 1, 3]",-0.015036865589881428,-0.31054680473051677
"[1, 2, 0, 0]",0.0,-0.3001313547215099
"[0, 1, 0, 1]",0.0,-0.30100085911355823
"[3, 4, 0, 3]",-0.22077421260583083,-0.3432410517348759
"[2, 3, 1, 0]",0.0,-0.22078464630578626
"[1, 2, 1, 1]",0.0,-0.22124852141478143
"[0, 1, 1, 2]",0.0,-1.8999999999999986
"[3, 5, 0, 3]",-0.262165711561858,-0.39112467052387434
"[2, 4, 1, 0]",0.0,-0.26216571174410275
"[1, 3, 1, 1]",0.0,-0.2664119324429696
"[0, 2, 1, 2]",0.0,-1.8999999999999986
"[5, 8, 1, 0]",0.0,-0.00033814308506422384
"[4, 7, 1, 1]",0.0,-0.05938714308748673
"[3, 6, 1, 2]",0.0,-0.2252971858607827
"[2, 5, 1, 3]",-0.22206269055496064,-0.10120939112497898
"[1, 4, 0, 0]",0.0,-0.4962070270361322
"[0, 3, 0, 1]",0.0,-0.4967670289107168
"[7, 8, 0, 2]",0.0,-0.6520977915794443
"[6, 7, 0, 3]",-0.04494392644819384,-0.2884754295232813
"[8, 0, 1, 2]",0.0,-0.5676318927873996
"[0, 6, 0, 3]",-0.9994924712139436,-0.25555456043335273
"[0, 5, 1, 0]",0.0,-0.9999999999999996
"[0, 4, 1, 1]",0.0,-0.9999999999999996
"[8, 2, 1, 2]",0.0,-0.1813612436634203
"[3, 8, 0, 3]",-0.05495377699082498,-0.2492603236227568
"[2, 7, 1, 0]",0.0,-0.054953777101825134
"[1, 6, 1, 1]",0.0,-0.05628405657164033
"[8, 5, 0, 1]",0.0,-0.31272517593739674
"[7, 4, 0, 2]",0.0,-0.508895381184906
"[6, 3, 0, 3]",-0.1530183848415969,-0.5977082650341033
"[5, 2, 0, 3]",-0.13814699449818674,-0.3862452662649657
"[5, 2, 1, 0]",0.0,-0.15301838484159866
"[4, 1, 1, 1]",0.0,-0.15301838484159866
"[0, 8, 0, 2]",0.0,-0.2719455664497926
"[0, 8, 1, 1]",0.0,-0.9999999999999996
"[0, 7, 1, 2]",0.0,-1.8999999999999986
"[4, 8, 1, 0]",0.0,-0.012225256635633546
"[3, 7, 1, 1]",0.0,-0.012225256635633546
"[2, 6, 1, 2]",0.0,-0.14730807806749577
"[0, 4, 0, 0]",0.0,-0.06326829243259165
"[8, 2, 0, 2]",0.0,-0.3578836163241281
"[7, 1, 0, 3]",-0.05218909948448235,-1.2526358284596282
"[6, 0, 0, 3]",-0.9999999999999996,-1.2292106193366414
"[8, 3, 0, 0]",0.0,-0.0792212218514814
"[7, 2, 0, 1]",0.0,-0.1603278402177925
"[6, 1, 0, 2]",0.0,-1.1618620286242327
"[5, 0, 0, 3]",-0.9999999999999996,-1.1930797801312294
"[4, 0, 1, 0]",0.0,-0.3715000594011406
"[3, 0, 1, 1]",0.0,-0.2655598393108631
"[2, 0, 1, 2]",0.0,-0.3470910789089462
"[8, 6, 1, 3]",0.0,-0.12709431609095118
"[7, 5, 0, 0]",0.0,-0.2329132444500046
"[6, 4, 0, 1]",0.0,-0.23371083944348714
"[5, 3, 0, 2]",0.0,-0.3767913985765884
"[4, 2, 0, 3]",-0.17751665113220766,-0.41062289239884875
"[3, 1, 1, 0]",0.0,-0.17822361618122276
"[2, 0, 1, 1]",0.0,-0.5300420316296311
"[1, 0, 1, 2]",0.0,-1.3127263276752583
"[3, 8, 0, 0]",0.0,-0.28304107540321155
"[2, 7, 0, 1]",0.0,-0.29376542371525716
"[1, 6, 0, 2]",0.0,-0.862969599442077
"[0, 5, 0, 3]",-0.94185026299696,-0.5977666933802382
"[0, 4, 1, 0]",0.0,-0.9999999999999996
"[0, 3, 1, 1]",0.0,-0.9999999999999996
"[4, 8, 0, 0]",0.0,-0.10061358948259715
"[3, 7, 0, 1]",0.0,-0.10733726691037146
"[2, 6, 0, 2]",0.0,-0.2514895660707802
"[1, 5, 0, 3]",-0.06735130993454345,-0.3702463077077773
"[0, 4, 0, 3]",-0.9921448327887212,-0.43900699495940915
"[0, 3, 1, 0]",0.0,-0.9999999999999996
"[0, 2, 1, 1]",0.0,-0.9999999999999996
"[8, 1, 0, 3]",-0.17226772428001633,-1.16388496368442
"[7, 0, 0, 3]",-0.9999999999999996,-1.1955951630607318
"[6, 0, 1, 0]",0.0,-0.3099534939597546
"[5, 0, 1, 1]",0.0,-0.26835790432458645
"[8, 0, 1, 1]",0.0,-0.3992002893956924
"[7, 0, 1, 2]",0.0,-0.6078935260264074
"[2, 8, 0, 1]",0.0,-0.09253629581777209
"[1, 7, 0, 2]",0.0,-0.3804330606063028
"[2, 8, 1, 3]",-0.01976004776108117,-0.39069300213191543
"[1, 7, 0, 0]",0.0,-0.10513578299103674
"[0, 6, 0, 1]",0.0,-0.10551068694534248
"[5, 8, 0, 2]",0.0,-0.42061263082743305
"[4, 7, 0, 3]",-0.0954703435323287,-0.2831014215217832
"[3, 6, 1, 0]",0.0,-0.09547034353565174
"[2, 5, 1, 1]",0.0,-0.09654786991754663
"[1, 4, 1, 2]",0.0,-0.9965478699175461
"[2, 8, 1, 1]",0.0,-0.2779752759319991
"[1, 7, 1, 2]",0.0,-1.177975447547373
"[6, 4, 0, 3]",-0.08243488707060627,-0.512484433169148
"[5, 3, 1, 0]",0.0,-0.08243488759287522
"[4, 2, 1, 1]",0.0,-0.08243489657432515
"[3, 1, 1, 2]",0.0,-0.2918520542168586
"[2, 8, 0, 2]",0.0,-0.1707653811822882
"[8, 4, 1, 1]",0.0,-0.001147597800048426
"[7, 3, 1, 2]",0.0,-0.0011942597571694845
"[6, 2, 1, 3]",-4.99799616889711e-06,-0.07811246889054127
"[3, 5, 1, 3]",-0.09646607989683763,-0.04384801862504823
"[2, 4, 0, 0]",0.0,-0.3344761906928585
"[1, 3, 0, 1]",0.0,-0.39581622877042877
"[0, 2, 0, 2]",0.0,-0.6792476743720075
"[8, 6, 1, 2]",0.0,0.0
"[7, 5, 1, 3]",0.0,-0.005670771716450245
"[6, 4, 0, 0]",0.0,-0.18371202246510362
"[5, 3, 0, 1]",0.0,-0.22823791759198975
"[4, 2, 0, 2]",0.0,-0.3802377817165124
"[3, 1, 0, 3]",-0.13440129248826435,-1.1496209192525342
"[2, 0, 0, 3]",-0.9999999999999996,-1.2837149668745005
"[8, 1, 0, 2]",0.0,-1.1431324371204759
"[8, 6, 0, 0]",0.0,-0.11974565708912469
"[7, 5, 0, 1]",0.0,-0.12324780087725483
"[6, 4, 0, 2]",0.0,-0.20357716424968234
"[5, 3, 0, 3]",-0.07369893604576569,-0.48498403805846646
"[4, 2, 1, 0]",0.0,-0.073698936048811
"[3, 1, 1, 1]",0.0,-0.12684303604881106
"[0, 8, 1, 0]",0.0,-0.9999999999999996
"[0, 7, 1, 1]",0.0,-0.9999999999999996
"[6, 8, 0, 2]",0.0,-0.4462696341638325
"[0, 2, 0, 0]",0.0,-0.04188196067503677
"[3, 8, 1, 1]",0.0,-0.15103770028606978
"[2, 7, 1, 2]",0.0,-0.16410780874980918
"[8, 2, 1, 1]",0.0,-0.15721013071073703
"[7, 1, 1, 2]",0.0,-0.4646249666959215
"[0, 8, 0, 1]",0.0,-0.28670000189675654
"[3, 8, 1, 0]",0.0,-0.04784268477497962
"[2, 7, 1, 1]",0.0,-0.057524820163144266
"[1, 6, 1, 2]",0.0,-0.9621400050083901
"[8, 6, 0, 1]",0.0,-0.39693817622763505
"[7, 5, 0, 2]",0.0,-0.5564217117141327
"[4, 8, 1, 3]",-8.20831010441802e-08,-0.13727988577886402
"[8, 0, 0, 3]",-0.9999999999999996,-1.183825117449781
"[7, 0, 1, 0]",0.0,-0.7281320238803528
"[8, 7, 0, 3]",-0.005203849483787953,-0.5117596109012553
"[7, 6, 1, 0]",0.0,-0.005203850200206269
"[6, 5, 1, 1]",0.0,-0.005203850227539093
"[5, 4, 1, 2]",0.0,-0.015481048674923645
"[4, 3, 1, 3]",-0.0027773749249428705,-0.16091198138249954
"[3, 2, 1, 3]",-0.025419805308211123,-0.13231872010883117
"[2, 1, 1, 3]",-0.07122187832379001,-0.15878419780072636
"[1, 0, 0, 0]",0.0,-0.9999999999999996
"[3, 8, 1, 3]",-0.05905317337242215,-0.3660036870322804
"[2, 7, 0, 0]",0.0,-0.11695318454669203
"[1, 6, 0, 1]",0.0,-0.11695327749211076
"[0, 5, 0, 2]",0.0,-0.24130515244936598
"[5, 8, 0, 0]",0.0,-0.2990279248506627
"[4, 7, 0, 1]",0.0,-0.31173899778896885
"[3, 6, 0, 2]",0.0,-0.4296062214092819
"[2, 5, 0, 3]",-0.17631489494149605,-0.32321364578381173
"[1, 4, 0, 3]",-0.1980209115802317,-0.7203429048235479
"[7, 8, 1, 3]",0.0,-0.277159847466565
"[6, 7, 0, 0]",0.0,-0.07004406433098517
"[5, 6, 0, 1]",0.0,-0.10511113698491244
"[4, 5, 0, 2]",0.0,-0.2724691499548881
"[2, 3, 0, 3]",-0.2894777317326187,-0.23210721012365115
"[1, 2, 0, 3]",-0.03977526565254743,-0.988351830793592
"[0, 1, 0, 3]",-0.9999999999999996,-1.3269876237997416
"[0, 2, 1, 0]",0.0,-0.9999999999999996
"[0, 1, 1, 1]",0.0,-0.9999999999999996
"[3, 7, 0, 0]",0.0,-0.22967384979410166
"[2, 6, 0, 1]",0.0,-0.23881565135120195
"[1, 5, 0, 2]",0.0,-0.5817271887930091
"[6, 8, 1, 0]",0.0,-0.003606015883597073
"[5, 7, 1, 1]",0.0,-0.03847385989359708
"[4, 6, 1, 2]",0.0,-0.08417391250071132
"[2, 4, 1, 3]",-0.0020275622630955,-0.22924549744308198
"[1, 3, 0, 0]",0.0,-0.4288363605740463
"[0, 2, 0, 1]",0.0,-0.42993150886753145
"[7, 1, 0, 0]",0.0,-0.08790591646137612
"[6, 0, 0, 1]",0.0,-0.9999999999999996
"[8, 4, 0, 3]",-0.10901522004157863,-0.4672933444934183
"[1, 7, 1, 3]",-0.05997878258731865,-1.1333256525266706
"[8, 6, 1, 0]",0.0,-0.006107291823357857
"[7, 5, 1, 1]",0.0,-0.006107291823357857
"[6, 4, 1, 2]",0.0,-0.006107291823357857
"[5, 3, 1, 3]",-4.470502682000994e-27,-0.013962241295349537
"[4, 2, 0, 0]",0.0,-0.03931219577245839
"[3, 1, 0, 1]",0.0,-0.03974670696974721
"[2, 0, 0, 2]",0.0,-1.177813217076988
"[8, 3, 0, 2]",0.0,-0.5406263603263175
"[7, 2, 0, 3]",-0.18151682276487796,-0.5317701844296366
"[1, 8, 1, 3]",-0.08917128786099411,-1.1695704859525675
"[6, 1, 1, 0]",0.0,-0.18151682276487796
"[8, 5, 1, 0]",0.0,-0.24909295046789448
"[7, 4, 1, 1]",0.0,-0.24909295046789448
"[6, 3, 1, 2]",0.0,-0.24909295046789476
"[3, 0, 0, 0]",0.0,-0.9999999999999996
"[2, 3, 0, 1]",0.0,-0.1212150468448499
"[1, 2, 0, 2]",0.0,-1.0228156483177309
"[6, 4, 1, 3]",-1.2484974564059315e-14,-0.020590425532458476
"[5, 3, 0, 0]",0.0,-0.27222607465756676
"[4, 2, 0, 1]",0.0,-0.27685485563584983
"[3, 1, 0, 2]",0.0,-1.2012121551696104
"[6, 8, 0, 0]",0.0,-0.20468375113916448
"[5, 7, 0, 1]",0.0,-0.27240146580632135
"[4, 6, 0, 2]",0.0,-0.4569543953907963
"[2, 4, 0, 3]",-0.06675031860990752,-0.3555464109760341
"[1, 3, 1, 0]",0.0,-0.06675033738850396
"[8, 0, 0, 1]",0.0,-0.9999999999999996
"[5, 1, 0, 0]",0.0,-0.112024466296812
"[4, 0, 0, 1]",0.0,-0.9999999999999996
"[6, 3, 0, 0]",0.0,-0.15031941749668687
"[5, 2, 0, 1]",0.0,-0.15039604623866665
"[4, 1, 0, 2]",0.0,-1.067642339622568
"[8, 7, 1, 3]",0.0,-0.18580299291
"[7, 6, 0, 0]",0.0,-0.09616805988828536
"[6, 5, 0, 1]",0.0,-0.18793874560037355
"[5, 4, 0, 2]",0.0,-0.3351150179153213
"[4, 3, 0, 3]",-0.1345713024980943,-0.404584697217077
"[3, 2, 0, 3]",-0.09041368379804143,-0.5017652981732994
"[2, 1, 1, 0]",0.0,-0.09042308841585892
"[6, 8, 1, 3]",0.0,-0.2767596710826442
"[5, 7, 0, 0]",0.0,-0.1747711370883531
"[4, 6, 0, 1]",0.0,-0.1516627217728659
"[3, 5, 0, 2]",0.0,-0.23546276707900912
"[4, 8, 0, 1]",0.0,-0.03554589666337637
"[3, 7, 0, 2]",0.0,-0.22428664954568509
"[2, 6, 0, 3]",-0.19227552937570713,-0.36768490944699506
"[3, 8, 0, 1]",0.0,-0.18931685256576414
"[2, 7, 0, 2]",0.0,-0.24714402106077188
"[1, 6, 0, 3]",-0.02711740888491148,-0.493497867825055
"[0, 6, 0, 0]",0.0,-0.06000817418931283
"[8, 1, 1, 1]",0.0,-0.15476595682024116
"[2, 8, 1, 2]",0.0,-0.3445373933571326
"[7, 3, 1, 0]",0.0,-0.10901522004157863
"[6, 2, 1, 1]",0.0,-0.10901522004157863
"[5, 1, 1, 2]",0.0,-0.27904873360888593
"[1, 5, 0, 0]",0.0,-0.312340922398995
"[0, 4, 0, 1]",0.0,-0.314071914648162
"[5, 2, 0, 0]",0.0,-0.07394174472885362
"[4, 1, 0, 1]",0.0,-0.10071663044570395
"[3, 0, 0, 2]",0.0,-1.2123451360928488
"[3, 8, 0, 2]",0.0,-0.08390530713432974
"[2, 7, 0, 3]",-3.3695434970252255e-05,-0.20187356041461055
"[1, 8, 1, 1]",0.0,-0.20862510610001705
"[3, 0, 1, 0]",0.0,-0.6232586505169908
"[0, 8, 0, 0]",0.0,-0.10444786349696582
"[5, 7, 1, 0]",0.0,-0.0562364768722056
"[4, 6, 1, 1]",0.0,-0.056236568075651194
"[3, 5, 1, 2]",0.0,-0.06760959408705455
"[8, 4, 1, 3]",-2.686108954928638e-19,-0.006387615390006242
"[7, 3, 0, 0]",0.0,-0.08101067475886066
"[6, 2, 0, 1]",0.0,-0.11271949260146545
"[5, 1, 0, 2]",0.0,-1.0458510961719607
"[4, 0, 0, 3]",-0.9999999999999996,-1.1840752607790765
"[1, 4, 1, 0]",0.0,-0.20096872094884985
"[5, 8, 1, 2]",0.0,-0.21584680135211584
"[4, 7, 1, 3]",-4.5254382677307195e-07,-0.378594970342835
"[3, 6, 1, 3]",-0.05911166174523433,-0.23285060017253378
"[0, 3, 0, 0]",0.0,-0.017514542491812637
"[6, 5, 0, 0]",0.0,-0.3352021711490114
"[5, 4, 0, 1]",0.0,-0.3763207052806651
"[4, 3, 0, 2]",0.0,-0.47929118998858933
"[8, 3, 1, 3]",-0.0030903355004536174,-0.18238101964336692
"[7, 2, 0, 0]",0.0,-0.13919782280822765
"[6, 1, 0, 1]",0.0,-0.14014080427775022
"[5, 0, 0, 2]",0.0,-1.2784623441249565
"[4, 8, 0, 2]",0.0,-0.11462538944789236
"[3, 7, 0, 3]",-0.0075574048359442845,-0.4311176318046114
"[2, 6, 1, 0]",0.0,-0.008806084387960355
"[1, 5, 1, 1]",0.0,-0.008806084387960355
"[8, 6, 1, 1]",0.0,-0.011405950802480714
"[7, 5, 1, 2]",0.0,-0.011405950802813722
"[4, 2, 1, 3]",-0.00011790184577738591,-0.16659046380736767
"[3, 1, 0, 0]",0.0,-0.07157029466695439
"[2, 0, 0, 1]",0.0,-0.9999999999999996
"[8, 7, 0, 1]",0.0,-0.5001415711516474
"[7, 6, 0, 2]",0.0,-0.6003618371022381
"[6, 5, 0, 3]",-0.0634964420049448,-0.5510915701734939
"[5, 6, 0, 0]",0.0,-0.08906026597707933
"[4, 5, 0, 1]",0.0,-0.0974664532675682
"[3, 4, 0, 2]",0.0,-0.37405315417730406
"[1, 2, 1, 0]",0.0,-0.28947773173262076
"[3, 6, 0, 0]",0.0,-0.05052055953889435
"[2, 5, 0, 1]",0.0,-0.08408241446760256
"[1, 4, 0, 2]",0.0,-0.37519719355808956
"[0, 3, 0, 3]",-0.9892247363356942,-0.2004287764570102
"[8, 4, 0, 0]",0.0,-0.17864742065359118
"[7, 3, 0, 1]",0.0,-0.2155947504892089
"[6, 2, 0, 2]",0.0,-0.4178883386243074
"[5, 1, 0, 3]",-0.224688630689926,-1.304786767204268
"[1, 8, 1, 2]",0.0,-1.259816689315156
"[3, 2, 1, 0]",0.0,-0.20747130249810444
"[2, 1, 1, 1]",0.0,-0.22099272037574288
"[7, 2, 1, 3]",-3.2292460279573727e-07,-0.07516152117460417
"[6, 1, 1, 3]",-0.09133030975157899,-0.15528339804922991
"[5, 0, 0, 0]",0.0,-0.9999999999999996
"[5, 8, 1, 3]",0.0,-0.2551936412278787
"[4, 7, 0, 0]",0.0,-0.20717980747496725
"[3, 6, 0, 1]",0.0,-0.2370923073789059
"[2, 5, 0, 2]",0.0,-0.3858599383245455
"[8, 1, 1, 0]",0.0,-0.09686039452934794
"[7, 8, 0, 3]",-0.014232512351159387,-0.14216691252763702
"[5, 6, 1, 0]",0.0,-0.04539135130760187
"[4, 5, 1, 1]",0.0,-0.04539135142708025
"[3, 4, 1, 2]",0.0,-0.06269015402544142
"[2, 3, 1, 3]",-0.0036323946571291594,-0.268723701411708
"[8, 4, 1, 2]",0.0,-0.10532016107433181
"[7, 3, 1, 3]",0.0,-0.19099464534728883
"[6, 2, 0, 0]",0.0,-0.2802938244085552
"[5, 1, 0, 1]",0.0,-0.3353554159610635
"[4, 0, 0, 2]",0.0,-1.2254635101354412
"[8, 6, 0, 3]",-0.08419189913921031,-0.3843867755233627
"[8, 2, 0, 0]",0.0,-0.13516972101801566
"[7, 1, 0, 1]",0.0,-0.14499434029021127
"[6, 0, 0, 2]",0.0,-1.2500738752688259
"[1, 5, 1, 0]",0.0,-0.19227552960618238
"[0, 7, 0, 0]",0.0,-0.08911061825390207
"[8, 5, 0, 0]",0.0,-0.13510706707900208
"[7, 4, 0, 1]",0.0,-0.13511262659650802
"[6, 3, 0, 2]",0.0,-0.2808736633088217
"[4, 1, 1, 0]",0.0,-0.13814699449843068
"[1, 8, 1, 0]",0.0,-6.855961324128008e-06
"[2, 5, 0, 0]",0.0,-0.13094879017515879
"[1, 4, 0, 1]",0.0,-0.1316782182681904
"[0, 3, 0, 2]",0.0,-0.28459942621809
"[1, 8, 0, 2]",0.0,-0.5251533625588237
"[0, 7, 0, 3]",-0.947665236697264,-0.35396998393667767
"[8, 3, 1, 1]",0.0,-0.00921602430527913
"[7, 2, 1, 2]",0.0,-0.024197778353828966
"[7, 8, 1, 2]",0.0,-0.1232620070681806
"[6, 7, 1, 3]",0.0,-0.10031897178851844
"[5, 6, 1, 3]",0.0,-0.2574241235947298
"[4, 5, 0, 0]",0.0,-0.0343890568237221
"[3, 4, 0, 1]",0.0,-0.056376607037225385
"[2, 3, 0, 2]",0.0,-0.22946634228625648
"[7, 8, 1, 0]",0.0,-8.208314524980647e-08
"[6, 7, 1, 1]",0.0,-0.020783670801806278
"[5, 6, 1, 2]",0.0,-0.05790333998812152
"[4, 5, 1, 3]",-0.02149253228710247,-0.10864199666387468
"[3, 4, 0, 0]",0.0,-0.08807745605061017
"[8, 2, 0, 1]",0.0,-0.3516676986682804
"[7, 1, 0, 2]",0.0,-1.339517389708263
"[8, 4, 0, 1]",0.0,-0.12158492693113286
"[7, 3, 0, 2]",0.0,-0.23810012089287302
"[6, 2, 0, 3]",-0.09958383316869399,-0.46125277937203535
"[7, 5, 1, 0]",0.0,-0.08429801080040995
"[6, 4, 1, 1]",0.0,-0.08429801080040995
"[5, 3, 1, 2]",0.0,-0.0850703988923027
"[5, 1, 1, 0]",0.0,-0.09958383316869399
"[3, 4, 1, 3]",-0.16223016156545494,-0.11781699005042051
"[7, 8, 1, 1]",0.0,-0.3564050841151772
"[6, 7, 1, 2]",0.0,-0.3564050841151772
"[2, 3, 0, 0]",0.0,-0.6130198435483972
"[1, 2, 0, 1]",0.0,-0.6130198435581686
"[0, 1, 0, 2]",0.0,-1.5552629949155907
"[1, 7, 1, 0]",0.0,-0.03714000110858782
"[5, 8, 1, 1]",0.0,-0.20033490223524358
"[4, 7, 1, 2]",0.0,-0.23027285720589635
"[1, 6, 1, 0]",0.0,-0.017202987676292525
"[8, 3, 0, 3]",-0.11993718812777447,-0.46740451826990714
"[0, 5, 0, 0]",0.0,-0.004683465302130186
"[6, 7, 1, 0]",0.0,-0.05324846297765378
"[5, 6, 1, 1]",0.0,-0.05328957281091376
"[4, 5, 1, 2]",0.0,-0.12531674001177645
"[8, 3, 1, 2]",0.0,-0.07117251261052503
"[7, 2, 1, 0]",0.0,-0.11993718812777447
"[6, 1, 1, 1]",0.0,-0.11993718813730485
"[0, 8, 0, 3]",-0.9690968456173676,-0.2501944288193516
"[7, 4, 1, 0]",0.0,-0.056319470953254874
"[6, 3, 1, 1]",0.0,-0.056319470953254874
"[5, 2, 1, 2]",0.0,-0.091386873731689
"[5, 4, 1, 0]",0.0,-0.0634964420049448
"[4, 3, 1, 1]",0.0,-0.0634964420049539
"[3, 2, 1, 2]",0.0,-0.1398135366307795
"[1, 1, 0, 0]",0.0,-0.9999999941970117
"[0, 0, 0, 1]",0.0,-0.9999999941970117
"[8, 7, 0, 2]",0.0,-0.4017536417246978
"[7, 6, 0, 3]",-0.00700009278887056,-0.4690575554652616
"[6, 5, 1, 0]",0.0,-0.007000093123626409
"[5, 4, 1, 1]",0.0,-0.007000416048228212
"[4, 3, 1, 2]",0.0,-0.0668366545127201
"[2, 1, 0, 0]",0.0,-0.07835199400238006
"[1, 0, 0, 1]",0.0,-0.9999999999999996
"[3, 2, 0, 0]",0.0,-0.16051904694356348
"[2, 1, 0, 1]",0.0,-0.40106592896363236
"[1, 0, 0, 2]",0.0,-1.5762480017732352
"[6, 1, 0, 0]",0.0,-0.16825553433545667
"[5, 0, 0, 1]",0.0,-0.9999999999999996
"[8, 7, 1, 1]",0.0,0.0
"[7, 6, 1, 2]",0.0,0.0
"[1, 1, 0, 3]",-0.9989388833880036,-1.118570665205482
"[1, 1, 0, 2]",0.0,-1.7018252166275092
"[0, 0, 0, 3]",-0.9418502629969598,-0.9596101746526134
"[1, 1, 0, 1]",0.0,-0.6513215599
"[0, 0, 0, 2]",0.0,-0.8184841969874688
