"[9, 9, 0, 0]",-0.028702871228390936,-0.3186609755822345
"[9, 9, 0, 1]",-0.015441365647421991,-0.3198487957914065
"[9, 9, 0, 2]",-0.10539074299869859,-0.3187697392176681
"[9, 9, 0, 3]",-0.3463888148441869,-0.32394762668412835
"[9, 9, 1, 0]",0.0,-0.3541432690122844
"[9, 9, 1, 1]",-0.05499775635085223,-0.321703230537163
"[9, 9, 1, 2]",-0.09032242083719956,-0.3008470845467462
"[9, 9, 1, 3]",-0.37912696007716873,-0.31735935338822713
"[8, 9, 0, 3]",-0.4208957964448471,-0.4526223898500046
"[7, 9, 1, 0]",-0.0405739506822116,-0.41807380909941194
"[6, 9, 1, 1]",0.0,-0.4414692613944354
"[5, 9, 1, 2]",0.0,-0.4481060149403837
"[4, 9, 1, 3]",-0.43009937302897716,-0.4569005005664223
"[3, 9, 1, 3]",-0.4912822590713548,-0.45491631306026814
"[2, 8, 1, 3]",-0.5053731712524581,-0.5786707911668173
"[1, 7, 0, 0]",0.0,-0.5392848494934195
"[0, 6, 0, 1]",0.0,-0.5200287282300821
"[9, 5, 0, 2]",0.0,-0.4017339427797399
"[9, 4, 0, 3]",-0.48039167648002207,-0.420637874204219
"[9, 3, 0, 3]",-0.46031552788413255,-0.4458192354361696
"[9, 2, 1, 0]",-0.7271768987299132,-0.5016673198775801
"[9, 1, 1, 1]",0.0,-0.5467530321099074
"[9, 0, 1, 2]",-0.9311445616830364,-0.6621201764599698
"[9, 7, 1, 3]",-0.5645885128259758,-0.5204429198940341
"[9, 6, 1, 3]",-0.4976112819286301,-1.0254809386714068
"[9, 5, 1, 3]",-1.2200479971456175,-1.1798960335214734
"[9, 4, 1, 3]",-2.064826065401672,-1.2504574516267049
"[9, 3, 0, 0]",0.0,-2.224515774573584
"[9, 2, 0, 1]",0.0,-2.338674322117218
"[9, 1, 0, 2]",0.0,-2.479190798719664
"[9, 0, 0, 3]",-1.445567870518013,-2.433234796314638
"[8, 0, 1, 0]",-0.9885742864408862,-0.3865879342885454
"[7, 9, 1, 1]",-0.12396860042000896,-0.3857040027807328
"[6, 9, 1, 2]",0.0,-0.3969436765496608
"[5, 9, 1, 3]",-0.6270695316973995,-0.4124776772485744
"[3, 9, 0, 0]",0.0,-0.4496811902563622
"[2, 9, 0, 1]",-0.6793871881580911,-0.47360243951742864
"[1, 9, 0, 2]",0.0,-0.4999228070588545
"[0, 9, 0, 3]",-5.026178766421065,-0.49719026647702114
"[9, 8, 0, 2]",-0.2210672042150862,-0.40700189479569454
"[9, 7, 0, 3]",-0.8346659392135715,-0.3961475848281244
"[9, 6, 0, 3]",-0.8138407734050176,-0.41082214252989485
"[9, 5, 1, 0]",0.0,-0.8792991435260366
"[9, 4, 1, 1]",0.0,-0.8021133798790185
"[9, 3, 1, 2]",0.0,-0.8962451049159452
"[9, 2, 1, 3]",-4.04664087647755,-0.9195414164862113
"[9, 1, 1, 3]",-5.043762603144196,-1.0419684202848936
"[9, 0, 0, 0]",-0.13095273540654345,-5.251863996601126
"[9, 0, 0, 1]",-0.1119192687541716,-4.330746414546129
"[9, 0, 0, 2]",-0.11262251719855286,-3.399182858574143
"[9, 0, 1, 0]",-0.8197529796564529,-0.4954841902145967
"[9, 0, 1, 1]",-1.147380256441485,-0.46060706542825824
"[9, 8, 0, 0]",-0.09966611900554621,-0.38099524326631096
"[9, 7, 0, 1]",0.0,-0.40714278433981155
"[9, 6, 0, 2]",0.0,-0.3926410953553998
"[9, 5, 0, 3]",-0.6119589326623909,-0.4053850204877187
"[9, 3, 1, 0]",0.0,-0.5108631077039948
"[9, 2, 1, 1]",-0.3540540294043666,-0.5854002730545779
"[9, 1, 1, 2]",0.0,-0.6188327829987806
"[9, 0, 1, 3]",-4.971319321695534,-0.545748442825488
"[9, 5, 0, 0]",0.0,-0.5153566976157353
"[9, 4, 0, 1]",0.0,-0.47814287118378224
"[9, 3, 0, 2]",0.0,-0.4918670862606202
"[9, 2, 0, 3]",-0.46460744627521133,-0.4839513866276301
"[9, 1, 0, 3]",-0.4752384123452824,-1.4325231927144055
"[9, 8, 1, 1]",-0.04974950777704976,-0.916790278081322
"[9, 7, 1, 2]",-0.013184491797082446,-0.9694725324127589
"[9, 4, 0, 0]",0.0,-1.304632073475648
"[9, 3, 0, 1]",0.0,-1.3780528293843946
"[9, 2, 0, 2]",-0.03851219721451726,-1.4180664594753543
"[9, 8, 1, 3]",-0.4107612909629012,-0.4652215457588283
"[9, 7, 0, 0]",-0.04959862744626959,-0.41924156186185774
"[9, 6, 0, 1]",0.0,-0.4031316795109746
"[9, 1, 1, 0]",0.0,-0.49646784183243325
"[8, 0, 1, 1]",-0.4752031252622141,-0.4312091098293555
"[7, 0, 1, 2]",-0.15830599772608456,-0.4481661439494447
"[6, 4, 1, 3]",-1.847766835878189,-1.0534589262298686
"[5, 3, 1, 3]",-2.7861683421183097,-1.3113844050004562
"[4, 2, 0, 0]",0.0,-3.884099931780353
"[3, 1, 0, 1]",0.0,-4.687069016188097
"[2, 0, 0, 2]",-0.8364773494344334,-5.128857877984458
"[1, 0, 0, 3]",-6.326904612689067,-4.305297537772924
"[0, 0, 0, 3]",-6.57063332845301,-2.9171291333047984
"[0, 0, 1, 0]",0.0,-5.73807223814401
"[0, 9, 1, 1]",-0.2407944914334975,-4.404787869293979
"[0, 9, 1, 2]",-0.40303942410661575,-3.5056156551672055
"[0, 9, 1, 3]",-1.5610489582506855,-2.5855611618903103
"[0, 9, 0, 0]",-1.2126191590995032,-0.5392720898160556
"[8, 9, 0, 1]",-0.0748885610162275,-0.8995099851711711
"[7, 9, 0, 2]",-0.028371074619484172,-0.983513111128077
"[6, 9, 0, 3]",-0.4759899878762331,-1.0060976397415091
"[5, 9, 0, 3]",-1.2390261852955942,-1.009234822610051
"[4, 9, 0, 3]",-2.1899260904724196,-0.8373620012851608
"[3, 9, 1, 0]",0.0,-2.302067830305535
"[2, 9, 1, 1]",0.0,-2.315874848606298
"[1, 9, 1, 2]",0.0,-2.456564262940917
"[1, 9, 0, 1]",0.0,-0.5751636860009339
"[0, 9, 0, 2]",-0.8987342213377365,-0.5979209093086555
"[3, 9, 0, 3]",-3.087062282659869,-0.9554250305594632
"[2, 9, 1, 0]",0.0,-3.1526080313246108
"[1, 9, 1, 1]",0.0,-3.36614105807491
"[9, 8, 0, 3]",-0.8423634091225045,-0.4315424116494533
"[9, 7, 1, 0]",-0.04365992236772944,-0.9111044132339404
"[9, 6, 1, 1]",0.0,-0.9687943371582871
"[9, 5, 1, 2]",0.0,-1.057337860543614
"[9, 3, 1, 3]",-3.0300170351866824,-1.0719060096893114
"[9, 1, 0, 0]",0.0,-4.2402729694499985
"[8, 9, 1, 1]",-0.16084256574721323,-0.3762922929160265
"[7, 9, 1, 2]",0.0,-0.4126839352066806
"[6, 8, 1, 3]",-0.599997064061635,-0.5777992615015654
"[5, 7, 1, 3]",-0.6473701152171949,-0.6229557999091355
"[4, 6, 1, 3]",-0.6394453065421938,-1.4514666083602645
"[3, 5, 0, 0]",0.0,-0.7174988998964412
"[2, 4, 0, 1]",0.0,-0.8155080609382821
"[1, 3, 0, 2]",0.0,-0.8843919215936855
"[0, 2, 0, 3]",-5.34613536009012,-1.1269190348418976
"[2, 9, 1, 3]",-0.5147731759886633,-0.43923361098460495
"[1, 9, 0, 0]",0.0,-0.5518334048129123
"[0, 8, 0, 1]",-1.7928188242595144,-0.43715667260597724
"[5, 7, 0, 2]",0.0,-0.8477214813299532
"[4, 6, 0, 3]",-2.1561526897358725,-1.0818981371995207
"[3, 5, 0, 3]",-3.144700432524282,-1.1262257055888913
"[2, 4, 0, 3]",-3.218674903597443,-0.9694391187232623
"[1, 3, 0, 3]",-4.738424161805137,-0.8342362579210288
"[0, 2, 1, 0]",0.0,-5.3517429151192495
"[0, 1, 1, 1]",0.0,-4.657121700370308
"[0, 0, 1, 2]",0.0,-4.146332780460149
"[0, 8, 1, 3]",-1.6251650024374447,-2.7238115571629486
"[0, 7, 1, 3]",-1.7309824966515062,-3.108653003743237
"[0, 6, 0, 0]",0.0,-0.8120930842229575
"[9, 5, 0, 1]",0.0,-0.43484996892710387
"[9, 4, 0, 2]",0.0,-0.44268176230732403
"[8, 9, 1, 3]",-0.8408102905964522,-0.40057169684107335
"[7, 9, 1, 3]",-0.7132915041183877,-0.4083634411162465
"[6, 9, 1, 3]",-0.6960258259749265,-0.40148115756651515
"[5, 9, 0, 0]",0.0,-0.7932001062497385
"[4, 9, 0, 1]",0.0,-0.9111327462971176
"[3, 9, 0, 2]",0.0,-0.9849053388207604
"[2, 9, 0, 3]",-4.030002806541274,-0.9505697718458118
"[1, 9, 0, 3]",-5.035372672148848,-0.5404583897606496
"[8, 9, 1, 0]",-0.03643831583171713,-0.3581402165948674
"[2, 8, 0, 1]",-0.5323109810416494,-0.4487773421167862
"[1, 7, 0, 2]",0.0,-0.48599349304094003
"[0, 6, 0, 3]",-6.769374125624568,-0.5440381690532092
"[8, 5, 0, 3]",-0.5269391115051058,-0.5202243604656042
"[7, 4, 0, 3]",-0.5921919556265858,-0.7031640839903474
"[6, 3, 0, 3]",-0.7583970531788479,-1.4253464552003017
"[5, 2, 0, 3]",-1.6326783242012355,-2.2757565658461125
"[4, 1, 0, 3]",-2.493959030002648,-4.216586688197383
"[3, 0, 1, 0]",0.0,-2.4428720212429087
"[6, 9, 0, 1]",0.0,-0.9846154297720962
"[5, 9, 0, 2]",0.0,-0.9489640567618205
"[1, 9, 1, 0]",0.0,-4.252007717862062
"[0, 8, 0, 0]",-0.6975534546432975,-0.41970323984521823
"[8, 9, 0, 2]",-0.06964661291506109,-0.5298367286693275
"[7, 9, 0, 3]",-0.4386012897781455,-0.5610968409274355
"[4, 9, 1, 0]",0.0,-1.3110510165244484
"[3, 9, 1, 1]",0.0,-1.3654621015438528
"[2, 9, 1, 2]",0.0,-1.4093165385972068
"[1, 9, 1, 3]",-0.44699839426423804,-1.4684024601324528
"[9, 2, 0, 0]",-0.06021063160674894,-3.2129794296695615
"[9, 1, 0, 1]",0.0,-3.3377859632518208
"[8, 0, 0, 3]",-1.454597091683739,-2.6166961110707967
"[7, 0, 1, 0]",-0.6998783669493457,-0.5147804328227117
"[6, 2, 1, 1]",0.0,-0.5242642563533156
"[5, 1, 1, 2]",0.0,-0.5490845673769565
"[4, 0, 1, 3]",-4.816910426571158,-0.5679398449073406
"[3, 5, 1, 3]",-1.5328123116222983,-2.2515462610573405
"[2, 4, 1, 3]",-2.411672282179708,-3.3792556989738367
"[1, 3, 0, 0]",0.0,-2.6933237187515116
"[0, 2, 0, 1]",-1.0243990995948955,-2.8393506752879354
"[8, 0, 1, 2]",-0.5682030835346117,-0.6345397449332449
"[4, 6, 0, 0]",0.0,-0.7514554421165023
"[3, 5, 0, 1]",0.0,-0.8933926257933937
"[2, 4, 0, 2]",0.0,-0.9834921619479906
"[2, 8, 0, 0]",0.0,-0.41163102627363246
"[1, 7, 0, 1]",0.0,-0.4260677458487559
"[0, 6, 0, 2]",0.0,-0.5522914077464635
"[8, 1, 0, 3]",-0.46022045743400963,-1.5017898411260735
"[2, 9, 0, 0]",-0.6778810621639186,-0.5429514275768619
"[9, 6, 0, 0]",0.0,-0.45354208299538323
"[8, 4, 0, 2]",0.0,-0.6449299808897474
"[7, 3, 0, 3]",-0.6431085759282201,-0.7134892262535301
"[6, 2, 0, 3]",-0.717119663291284,-1.4446937735264003
"[5, 1, 1, 0]",0.0,-0.6941910102128177
"[4, 0, 1, 1]",0.0,-0.721031997160955
"[3, 6, 1, 2]",0.0,-2.245523539326152
"[2, 5, 1, 3]",-1.5882319679515868,-2.487241877634315
"[1, 4, 1, 3]",-2.6026431647264845,-4.28830395806314
"[0, 3, 1, 3]",-4.710333467718941,-5.875951327965392
"[0, 2, 1, 3]",-5.376122675279946,-5.699154690949401
"[0, 1, 1, 3]",-6.2246497705268755,-4.281504547201582
"[0, 0, 1, 3]",-6.240169272638179,-3.2458040732656097
"[0, 9, 0, 1]",-0.8218695608105271,-0.5462994760948493
"[0, 9, 1, 0]",0.0,-5.255134510801943
"[0, 7, 0, 0]",-0.0335145678571814,-0.595396344666393
"[8, 2, 1, 3]",-5.241560573959169,-1.2205081497298533
"[7, 1, 1, 3]",-7.091921422439247,-1.142815401170145
"[6, 0, 0, 0]",0.0,-7.921124880920985
"[5, 0, 0, 1]",0.0,-7.32868349063634
"[4, 0, 0, 2]",0.0,-6.615035520006805
"[3, 0, 0, 3]",-4.600660584281644,-5.914993418491804
"[2, 0, 0, 3]",-5.432398648369346,-5.21723624357565
"[1, 0, 1, 0]",0.0,-4.704454116192288
"[0, 8, 1, 1]",-0.19101648096595267,-5.170473580437826
"[0, 7, 1, 2]",0.0,-4.523887721728331
"[0, 6, 1, 3]",-2.0838265119132475,-3.761566380622132
"[0, 5, 1, 3]",-2.7957474517749965,-4.822913266386453
"[0, 4, 0, 0]",0.0,-1.6227905629938097
"[1, 3, 0, 1]",0.0,-1.6894815874075106
"[0, 2, 0, 2]",-2.080160641437309,-2.0629475194443003
"[8, 4, 0, 0]",0.0,-1.353613145782736
"[7, 3, 0, 1]",0.0,-2.524532520958309
"[6, 2, 0, 2]",0.0,-2.979045911024361
"[5, 1, 0, 3]",-1.4839928215697424,-3.3122090481037585
"[4, 0, 0, 3]",-3.4704157364789134,-5.526738084872209
"[5, 9, 0, 1]",0.0,-0.9034065918918198
"[4, 9, 0, 2]",0.0,-0.9316080251645704
"[7, 4, 1, 0]",0.0,-0.6509477143481229
"[6, 3, 1, 1]",0.0,-0.8264135072341022
"[5, 2, 1, 2]",0.0,-1.0379456098845072
"[4, 1, 1, 3]",-3.924487551072443,-1.082162883485434
"[3, 0, 1, 3]",-4.711371970481109,-1.03881438978718
"[1, 7, 1, 3]",-0.7005118495986455,-1.876573945178014
"[0, 5, 0, 0]",0.0,-0.8476675019516456
"[8, 4, 0, 1]",0.0,-1.2218215479797965
"[7, 3, 0, 2]",0.0,-1.3511394864330677
"[2, 0, 1, 0]",-2.0108484457494047,-3.7155881178214853
"[0, 8, 1, 2]",-0.1448902670218659,-3.9758024148234066
"[0, 4, 1, 3]",-3.751981659731069,-5.686158165831965
"[0, 3, 0, 0]",0.0,-2.7286443771716136
"[9, 3, 1, 1]",0.0,-0.696976048002491
"[9, 2, 1, 2]",0.0,-0.7919251247152569
"[9, 8, 1, 2]",-0.1486050705700791,-0.49965038025270503
"[7, 5, 1, 3]",-1.6807615317965083,-0.9664025375479872
"[0, 5, 1, 1]",0.0,-7.274330263801696
"[0, 4, 1, 2]",0.0,-6.576479745356412
"[0, 1, 0, 0]",0.0,-4.756606633578223
"[1, 0, 0, 1]",0.0,-4.875300115145763
"[0, 0, 0, 2]",0.0,-4.063194942881382
"[8, 9, 1, 2]",-0.08379924960587037,-0.39047753966656507
"[6, 5, 0, 1]",0.0,-2.1441448952115847
"[5, 4, 0, 2]",0.0,-2.6268107324841568
"[4, 3, 0, 3]",-2.3216379131704596,-3.011694823080423
"[3, 2, 0, 3]",-3.3124022700481848,-3.864880405322224
"[2, 1, 0, 3]",-4.281631654278446,-4.165896125196509
"[8, 5, 0, 1]",0.0,-1.029887831897841
"[7, 4, 0, 2]",0.0,-1.235775367962173
"[0, 2, 1, 1]",-0.5170372380181336,-4.889523713708651
"[0, 1, 1, 2]",0.0,-4.045101729923767
"[0, 2, 0, 0]",-0.780753734809071,-3.7536614201755736
"[4, 1, 1, 0]",0.0,-1.7864074927799767
"[3, 0, 1, 1]",0.0,-1.9978197472012043
"[9, 8, 1, 0]",0.0,-0.8785622965125083
"[9, 7, 1, 1]",0.0,-0.9291021035863825
"[9, 6, 1, 2]",0.0,-0.996238318029414
"[8, 5, 0, 0]",0.0,-1.35015916025456
"[7, 4, 0, 1]",0.0,-1.740213149742812
"[6, 3, 0, 2]",0.0,-2.0333176848210885
"[3, 9, 0, 1]",0.0,-0.7199366725066346
"[2, 9, 0, 2]",-0.704339342919825,-0.7342140616659819
"[0, 8, 1, 0]",0.0,-6.559412309407094
"[0, 7, 1, 1]",0.0,-6.0019773812101835
"[0, 6, 1, 2]",0.0,-5.350943327428261
"[0, 1, 0, 1]",0.0,-3.713595547331098
"[7, 0, 0, 3]",-1.574637350637945,-2.7413436771158235
"[6, 0, 0, 3]",-1.7005105416316246,-3.40499163812599
"[5, 0, 1, 0]",0.0,-0.5539994241871392
"[4, 9, 1, 1]",0.0,-0.4995053928432512
"[3, 9, 1, 2]",0.0,-0.508233489281847
"[5, 9, 1, 0]",0.0,-0.47065009000330044
"[9, 6, 1, 0]",0.0,-0.8844657679334914
"[8, 5, 1, 1]",0.0,-0.4270187151500479
"[7, 4, 1, 2]",0.0,-0.6693136263833014
"[6, 3, 1, 3]",-1.7067518215942497,-0.9325291985170775
"[5, 2, 1, 3]",-1.5907382580309872,-1.0986784915697019
"[4, 1, 0, 0]",0.0,-3.554937079114313
"[3, 0, 0, 1]",0.0,-5.807335834881996
"[9, 8, 0, 1]",0.0,-0.3950099688795984
"[9, 7, 0, 2]",0.0,-0.42154163898572644
"[8, 6, 0, 3]",-0.6669526776009558,-0.666341111786611
"[7, 5, 0, 3]",-0.7396808051327923,-0.7026263078785171
"[6, 4, 1, 0]",0.0,-0.8201226888405333
"[5, 3, 1, 1]",0.0,-0.9149391362203949
"[4, 2, 1, 2]",0.0,-1.0351137396179986
"[3, 1, 1, 3]",-4.9241304156272,-1.10105236397406
"[2, 0, 1, 3]",-5.37218063648714,-0.9073096606188433
"[1, 0, 0, 0]",0.0,-5.728323498306895
"[0, 0, 0, 1]",0.0,-5.223932291357999
"[3, 0, 0, 2]",0.0,-5.897902043806927
"[8, 1, 1, 3]",-4.9340267386868915,-1.1057280141088626
"[7, 0, 1, 3]",-6.142850582813472,-0.7323451760529948
"[0, 4, 1, 1]",0.0,-6.623916938198684
"[0, 3, 1, 2]",0.0,-6.062252401121616
"[0, 0, 0, 0]",-0.4035424384876427,-5.888141680393364
"[8, 0, 0, 2]",0.0,-3.628119164149443
"[5, 0, 0, 3]",-2.4280022633724707,-4.483453135264825
"[7, 5, 1, 0]",0.0,-0.7771051361321732
"[6, 4, 1, 1]",0.0,-0.8682108034449112
"[5, 3, 1, 2]",0.0,-1.0781742445395839
"[4, 2, 1, 3]",-3.8798279427348867,-1.315901923105452
"[2, 0, 0, 0]",0.0,-5.6062015702710495
"[7, 9, 0, 0]",0.0,-0.9401244389220387
"[6, 9, 0, 0]",0.0,-0.7900369372141783
"[4, 8, 0, 2]",0.0,-0.8677057308760507
"[3, 7, 0, 3]",-2.4740773886424083,-1.3874671235708251
"[2, 6, 0, 3]",-4.656860655531436,-0.7903477469626993
"[1, 5, 0, 3]",-5.0733838294429,-0.944459920084905
"[0, 4, 0, 3]",-4.71173191220742,-0.7502499952107865
"[0, 3, 1, 0]",0.0,-5.5681920425498115
"[7, 5, 1, 1]",0.0,-0.8964063506954986
"[6, 4, 1, 2]",0.0,-1.0359283709133156
"[5, 8, 1, 3]",-0.4799098899687301,-0.480749300431465
"[4, 7, 1, 3]",-0.4865578921202835,-0.6419525028171267
"[3, 6, 0, 0]",0.0,-0.511280722721913
"[2, 5, 0, 1]",0.0,-0.5902468032787469
"[1, 4, 0, 2]",0.0,-0.7616484258238087
"[0, 3, 0, 3]",-4.529738062877449,-0.9372420241629313
"[6, 0, 1, 0]",0.0,-0.5281547878025901
"[5, 4, 1, 1]",0.0,-1.544451118448788
"[4, 3, 1, 2]",0.0,-1.7242812561636875
"[3, 2, 1, 3]",-2.700401539019007,-1.8672898234237372
"[2, 1, 1, 3]",-3.952057762198395,-1.9027070706303073
"[1, 0, 1, 3]",-4.76633209789073,-1.878728053812709
"[8, 0, 0, 1]",0.0,-5.158811512959303
"[7, 0, 0, 2]",0.0,-4.336628292699517
"[4, 0, 1, 0]",0.0,-1.4368908892218284
"[1, 8, 0, 2]",0.0,-0.457178185770306
"[0, 7, 0, 3]",-6.824321453767357,-0.5465795336025242
"[7, 6, 0, 3]",-0.7900420232869786,-0.7960923996295827
"[6, 5, 1, 0]",0.0,-1.1742117378162296
"[5, 0, 0, 2]",0.0,-6.130190769747007
"[3, 8, 0, 3]",-1.0545628793733537,-0.6349164002277674
"[2, 7, 0, 3]",-2.2912219144027923,-0.615230527160059
"[1, 6, 0, 3]",-4.100073521569141,-0.562556565341271
"[0, 5, 1, 0]",0.0,-7.263773316492766
"[8, 0, 1, 3]",-6.233969437011451,-0.6179425227246095
"[5, 8, 0, 0]",0.0,-0.20090598206301416
"[4, 7, 0, 1]",0.0,-0.516049932203019
"[3, 6, 0, 2]",0.0,-0.7596161714288289
"[2, 5, 0, 3]",-2.500904850141434,-0.9583192635644433
"[1, 4, 0, 3]",-3.911476633481759,-0.9289753713157385
"[8, 2, 1, 2]",-0.4889326605329321,-0.6100235271740361
"[6, 0, 1, 3]",-6.7433829549221365,-0.5776499095860262
"[5, 0, 0, 0]",0.0,-7.307284147088119
"[4, 0, 0, 1]",0.0,-6.618343043476939
"[2, 5, 1, 2]",0.0,-3.7196192061513935
"[4, 9, 0, 0]",0.0,-0.6802370307841319
"[9, 5, 1, 1]",0.0,-0.9495750229369558
"[9, 4, 1, 2]",0.0,-1.113845324414534
"[7, 5, 0, 1]",0.0,-1.9834260574687907
"[6, 4, 0, 2]",0.0,-2.2004539788224156
"[5, 3, 0, 3]",-1.5028372014538849,-2.339552379374658
"[4, 2, 0, 3]",-2.4173850851179504,-3.154272087311641
"[3, 1, 1, 0]",0.0,-2.5507153776532028
"[2, 0, 1, 1]",-1.4690487122015126,-2.781757014892478
"[1, 5, 1, 2]",0.0,-4.9146277303031685
"[8, 2, 0, 1]",-7.868068664739549e-05,-2.7846063339561007
"[7, 1, 0, 2]",0.0,-3.2682087481909408
"[2, 1, 1, 1]",0.0,-2.689572271427715
"[1, 0, 1, 2]",0.0,-2.838680230248076
"[8, 7, 1, 3]",-0.7185785866222285,-0.7946769248084211
"[7, 6, 1, 3]",-1.2259768299829197,-1.2017678812244017
"[6, 5, 0, 0]",0.0,-2.0288439648719154
"[5, 4, 0, 1]",0.0,-2.9744932464274214
"[4, 3, 0, 2]",0.0,-3.523906926983601
"[9, 4, 1, 0]",0.0,-0.6650864157492923
"[0, 8, 0, 3]",-6.41876091714032,-0.7165047511671339
"[0, 7, 1, 0]",0.0,-7.204484657593147
"[0, 6, 1, 1]",0.0,-6.79009273217709
"[0, 5, 1, 2]",0.0,-6.398087507688434
"[0, 8, 0, 2]",-0.7291445652477635,-0.5478496508225108
"[6, 9, 1, 0]",0.0,-0.43447402695589343
"[5, 9, 1, 1]",0.0,-0.43473278893759515
"[4, 9, 1, 2]",0.0,-0.4577338551183554
"[4, 8, 1, 1]",0.0,-1.1607792998209945
"[3, 7, 1, 2]",0.0,-1.3680607305567376
"[2, 6, 1, 3]",-0.7397754966315436,-1.7854171623636559
"[1, 5, 1, 3]",-1.7141737711034106,-3.4324391414850304
"[7, 3, 1, 1]",0.0,-0.5630194851197264
"[6, 2, 1, 2]",0.0,-0.5904105976760555
"[5, 1, 1, 3]",-5.712912312274249,-0.5458674851354659
"[3, 0, 0, 0]",0.0,-5.634280141875049
"[2, 0, 0, 1]",-0.37137028418148343,-4.814258096964988
"[1, 0, 0, 2]",0.0,-4.131704977770414
"[8, 5, 1, 2]",0.0,-0.6419278058722083
"[7, 4, 1, 3]",-1.280260121421079,-0.7846256503469026
"[5, 8, 0, 1]",0.0,-0.4338691795741128
"[4, 7, 0, 2]",0.0,-0.6800892288515691
"[3, 6, 0, 3]",-2.010775828608548,-0.9554564703962952
"[1, 4, 1, 0]",0.0,-4.331908863126238
"[0, 3, 1, 1]",0.0,-5.834418925760366
"[0, 2, 1, 2]",0.0,-5.198093651168013
"[8, 6, 1, 2]",0.0,-0.9259133857036409
"[3, 1, 0, 0]",0.0,-4.484215985469428
"[5, 8, 1, 2]",0.0,-0.5681246698682517
"[3, 6, 1, 3]",-0.7243720363709117,-1.5596753092385882
"[8, 0, 0, 0]",0.0,-6.542074421984552
"[7, 0, 0, 1]",0.0,-6.009599648476048
"[6, 0, 0, 2]",0.0,-5.361553323570338
"[1, 7, 1, 1]",0.0,-4.925725998892021
"[2, 8, 0, 2]",-0.2733278737545455,-0.7377396084946181
"[1, 7, 0, 3]",-6.926281942368991,-1.6169254666791009
"[8, 4, 0, 3]",-0.45878311681845785,-0.6166243173245867
"[7, 3, 1, 0]",0.0,-0.49068442418701047
"[2, 8, 1, 2]",0.0,-1.584000001099064
"[0, 4, 0, 1]",0.0,-1.095408034306686
"[8, 5, 0, 2]",0.0,-0.6221325875152451
"[5, 2, 1, 0]",0.0,-0.8118339334597918
"[4, 1, 1, 1]",0.0,-0.9043280269775656
"[3, 0, 1, 2]",0.0,-1.0157644517501074
"[6, 4, 0, 3]",-0.7064453077329451,-1.4970261195805714
"[3, 1, 0, 3]",-3.4691008605305207,-4.913096211702239
"[0, 7, 0, 1]",-0.6868832502265222,-0.4894907656919763
"[5, 6, 0, 2]",0.0,-1.2487393561848037
"[4, 5, 0, 3]",-1.8275524681944633,-1.7782013044985399
"[3, 4, 0, 3]",-2.1242413192607104,-1.9781682742678484
"[2, 3, 1, 0]",0.0,-2.973392382434289
"[1, 2, 1, 1]",0.0,-3.723856191621015
"[2, 3, 1, 1]",0.0,-3.518086389878447
"[1, 2, 1, 2]",0.0,-3.97545389820148
"[8, 2, 0, 2]",0.0,-1.4954771448546025
"[7, 1, 0, 3]",-0.5700055856605091,-1.9321065339608805
"[4, 6, 1, 1]",0.0,-2.435225058973794
"[3, 5, 1, 2]",0.0,-2.8652189519299247
"[1, 3, 1, 3]",-3.5509758204427233,-4.84343588831657
"[8, 2, 1, 1]",-0.561956743344921,-0.4735325336990949
"[7, 1, 1, 2]",0.0,-0.5512099886963785
"[4, 0, 0, 0]",0.0,-6.444363340787712
"[5, 8, 0, 3]",-0.7106671038339617,-0.6713752715830994
"[4, 7, 1, 0]",0.0,-1.586770247114763
"[3, 6, 1, 1]",0.0,-2.9090442413110527
"[7, 0, 1, 1]",-0.911326554627718,-0.5130333147412608
"[6, 0, 1, 2]",0.0,-0.5075538334925065
"[4, 2, 1, 0]",0.0,-1.5178985096107658
"[3, 1, 1, 1]",0.0,-1.570504891014133
"[2, 0, 1, 2]",-1.616148120036975,-1.8403540862750385
"[2, 8, 0, 3]",-4.978244744461832,-1.4915572972830617
"[4, 3, 1, 1]",0.0,-1.6621899746017337
"[3, 2, 1, 2]",0.0,-1.7780718200681034
"[8, 2, 1, 0]",-0.20249846526352555,-0.46981219578523353
"[7, 1, 1, 1]",0.0,-0.503067206906868
"[1, 5, 1, 0]",0.0,-5.888630059833163
"[4, 8, 1, 2]",0.0,-0.5071317733220729
"[3, 7, 1, 3]",-0.6000876881818025,-0.6083365882941665
"[4, 3, 0, 1]",0.0,-3.342638923625983
"[3, 2, 0, 2]",0.0,-3.83118426657255
"[1, 8, 0, 1]",0.0,-0.4816593311156171
"[0, 7, 0, 2]",-1.0004717093141575,-0.4918445081601261
"[5, 3, 1, 0]",0.0,-0.7584956017489282
"[4, 2, 1, 1]",0.0,-0.851569187908561
"[3, 1, 1, 2]",0.0,-1.0009486326230854
"[2, 1, 1, 2]",0.0,-1.7802666121815924
"[7, 8, 0, 3]",-0.5147756178853647,-0.6038385184062285
"[6, 7, 1, 0]",0.0,-1.0464714285662793
"[5, 6, 1, 1]",0.0,-1.7672266206641867
"[4, 5, 1, 2]",0.0,-2.5282584102671493
"[3, 4, 1, 3]",-2.405644009168786,-3.1722339160182775
"[2, 3, 1, 3]",-3.654376557643952,-3.7848478464023882
"[1, 2, 1, 3]",-4.199547093478019,-4.259811395766079
"[1, 8, 1, 3]",-0.561342883580019,-1.5049484731598568
"[4, 8, 1, 3]",-0.46606584951862046,-0.5436811293061545
"[2, 6, 0, 0]",0.0,-0.6853349106261768
"[1, 5, 0, 1]",0.0,-0.7863987644339888
"[0, 4, 0, 2]",0.0,-0.7464697422994928
"[1, 8, 0, 3]",-5.515683010379879,-0.6174123655756474
"[6, 0, 1, 1]",0.0,-0.5612899652272881
"[1, 6, 1, 0]",0.0,-4.9595748824777734
"[8, 2, 0, 3]",-0.496108792237414,-0.6463638880552134
"[6, 8, 0, 3]",-1.0039287054734325,-0.9995330024435302
"[5, 7, 0, 3]",-1.6850608293932656,-1.0402376555315975
"[3, 5, 1, 0]",0.0,-3.3444054881080336
"[2, 4, 1, 1]",0.0,-4.372290718948061
"[1, 3, 1, 2]",0.0,-4.842154507520661
"[7, 1, 1, 0]",0.0,-0.5158377278746858
"[2, 8, 1, 1]",-0.016482741195662738,-3.090946819688814
"[1, 7, 1, 2]",0.0,-3.4287265818456523
"[6, 8, 0, 1]",0.0,-0.5288440757217974
"[1, 3, 1, 0]",0.0,-4.264748506740629
"[0, 6, 1, 0]",0.0,-7.843164394805532
"[0, 3, 0, 2]",0.0,-0.972785006077421
"[7, 8, 1, 3]",-0.6216294071234906,-0.6314397581671569
"[6, 7, 1, 3]",-0.8837063381509394,-0.8834819093258337
"[5, 6, 1, 3]",-1.1261009338817003,-1.13860382707155
"[4, 5, 1, 3]",-1.3559437665174103,-2.215582938807725
"[3, 4, 0, 0]",0.0,-1.560567318198685
"[2, 3, 0, 1]",0.0,-1.741508807472212
"[1, 2, 0, 2]",0.0,-1.8772884766260314
"[0, 1, 0, 3]",-4.902039016107381,-2.244400328494734
"[6, 2, 1, 3]",-2.9711877430788425,-1.1831430801587235
"[0, 0, 1, 1]",0.0,-4.61617385966357
"[8, 3, 1, 3]",-1.0265472850539423,-0.663668350176439
"[7, 2, 0, 0]",0.0,-2.654545834068094
"[6, 1, 0, 1]",0.0,-5.133620108133234
"[8, 4, 1, 1]",0.0,-0.6731365787513228
"[7, 3, 1, 2]",0.0,-0.8639547223786156
"[8, 9, 0, 0]",-0.04013728219605917,-0.863487647150676
"[7, 9, 0, 1]",0.0,-0.9566836003706115
"[6, 9, 0, 2]",0.0,-0.9480287448320618
"[4, 8, 0, 3]",-1.66601259345333,-1.050358186729754
"[3, 7, 1, 0]",0.0,-2.8808963568217183
"[2, 6, 1, 1]",0.0,-4.1977152301313065
"[5, 6, 0, 3]",-1.5532875843526621,-1.4891138236053998
"[6, 3, 0, 1]",0.0,-3.0861900146866805
"[5, 2, 0, 2]",0.0,-3.7705717884524614
"[7, 1, 0, 1]",0.0,-4.846607667363365
"[3, 8, 0, 1]",0.0,-0.26014573988363787
"[2, 7, 0, 2]",0.0,-0.4912319641494687
"[0, 5, 0, 3]",-4.373326305049827,-0.7880177962005734
"[7, 2, 1, 3]",-1.3840048487955159,-0.5714480703011651
"[6, 1, 1, 3]",-4.947973817693513,-0.648131858311234
"[5, 2, 0, 0]",0.0,-3.5013072039599527
"[4, 1, 0, 1]",0.0,-5.4361774763195685
"[6, 3, 1, 0]",0.0,-0.671747334383031
"[5, 2, 1, 1]",0.0,-0.7444038948608341
"[4, 1, 1, 2]",0.0,-0.8207889058766623
"[4, 8, 0, 1]",0.0,-0.6627199050935753
"[3, 7, 0, 2]",0.0,-0.7916792938625286
"[0, 4, 1, 0]",0.0,-6.419073703658239
"[1, 4, 0, 0]",0.0,-1.5927461121675373
"[0, 3, 0, 1]",0.0,-1.527451846909929
"[3, 8, 1, 0]",0.0,-0.08406001560195911
"[2, 7, 1, 1]",0.0,-1.9070210754270336
"[1, 6, 1, 2]",0.0,-3.6510868044053746
"[0, 5, 0, 1]",0.0,-0.905383595172668
"[8, 1, 1, 0]",0.0,-0.427364237065862
"[2, 6, 1, 0]",0.0,-4.447455938664304
"[1, 5, 1, 1]",0.0,-6.123353220148064
"[8, 5, 1, 0]",0.0,-0.18825223328680368
"[7, 4, 1, 1]",0.0,-0.4795309909377742
"[6, 3, 1, 2]",0.0,-0.7774013005572359
"[6, 2, 1, 0]",0.0,-0.6458665362810573
"[5, 1, 1, 1]",0.0,-0.6197600021261028
"[4, 0, 1, 2]",0.0,-0.5696243161607041
"[1, 5, 0, 0]",0.0,-0.8582211613706404
"[5, 3, 0, 2]",0.0,-2.8884853867041893
"[5, 6, 0, 0]",0.0,-1.2732221310593583
"[4, 5, 0, 1]",0.0,-1.686530239809319
"[3, 4, 0, 2]",0.0,-1.954916512960809
"[2, 3, 0, 3]",-2.425846880358368,-2.0005990545489487
"[1, 2, 0, 3]",-4.470717008455921,-1.9951458077572042
"[8, 6, 1, 1]",0.0,-0.793807953500009
"[7, 5, 1, 2]",0.0,-1.016463190864949
"[6, 7, 1, 1]",0.0,-1.3869851463191858
"[5, 6, 1, 2]",0.0,-1.8193776437329785
"[2, 3, 0, 0]",0.0,-2.67601755964515
"[1, 2, 0, 1]",0.0,-2.9160701704759835
"[0, 1, 0, 2]",0.0,-2.988274739899529
"[0, 1, 1, 0]",0.0,-5.5910195729707635
"[3, 7, 0, 1]",0.0,-0.5328042266309609
"[2, 6, 0, 2]",0.0,-0.6422429688513784
"[3, 7, 1, 1]",0.0,-2.563242342761701
"[2, 6, 1, 2]",0.0,-3.0564325561321377
"[3, 8, 0, 2]",0.0,-0.4622839884571073
"[8, 4, 1, 3]",-1.8198025934143256,-0.8602971660217604
"[7, 3, 0, 0]",0.0,-3.171183335322967
"[6, 2, 0, 1]",0.0,-4.503717989292229
"[5, 1, 0, 2]",0.0,-5.0359252605308775
"[5, 0, 1, 3]",-4.647510506248631,-0.9395823669553317
"[5, 7, 1, 0]",0.0,-1.7068584719797273
"[1, 7, 1, 0]",0.0,-6.044608536352234
"[5, 1, 0, 1]",0.0,-6.201320839986726
"[6, 4, 0, 0]",0.0,-2.8281968432926656
"[5, 3, 0, 1]",0.0,-4.2229103176818965
"[4, 2, 0, 2]",0.0,-4.628714941356956
"[1, 8, 0, 0]",0.0,-0.3876524478632178
"[7, 0, 0, 0]",0.0,-7.220346773851944
"[6, 0, 0, 1]",0.0,-6.764349714445928
"[1, 0, 1, 1]",0.0,-3.76855733111908
"[5, 0, 1, 1]",0.0,-0.9398899244216705
"[5, 8, 1, 0]",0.0,-1.4766644178616966
"[4, 7, 1, 1]",0.0,-1.890263514877306
"[2, 4, 1, 0]",0.0,-4.095947628618078
"[1, 3, 1, 1]",0.0,-4.78731968303009
"[3, 8, 1, 1]",0.0,-0.5661235930519832
"[2, 7, 1, 2]",0.0,-1.330107518531535
"[1, 6, 0, 0]",0.0,-0.7113579956343348
"[4, 7, 0, 0]",0.0,-0.5865577419038975
"[3, 6, 0, 1]",0.0,-0.6423013374017097
"[2, 5, 0, 2]",0.0,-0.6603450154399849
"[3, 8, 1, 3]",-0.48296361628122386,-0.5070582449095553
"[2, 7, 0, 0]",-0.357433957841377,-0.5741808800375323
"[1, 6, 0, 1]",0.0,-0.7271670897390565
"[0, 5, 0, 2]",0.0,-0.8080027022526461
"[5, 8, 1, 1]",0.0,-1.19668205978236
"[4, 7, 1, 2]",0.0,-1.4353444414503287
"[8, 6, 0, 2]",0.0,-0.6209869778794537
"[6, 1, 1, 1]",0.0,-0.620264618910132
"[5, 0, 1, 2]",0.0,-0.5488037125418137
"[6, 8, 0, 2]",0.0,-0.8274219382794294
"[7, 8, 0, 2]",-0.003125990114850376,-0.3932427260985425
"[6, 7, 0, 3]",-1.0708088768677144,-1.0645024444457758
"[4, 5, 1, 0]",0.0,-2.486571451867066
"[3, 4, 1, 1]",0.0,-3.3774381426412123
"[2, 3, 1, 2]",0.0,-3.8184010309822742
"[7, 1, 0, 0]",0.0,-6.102587901818991
"[4, 6, 1, 0]",0.0,-2.83770562122144
"[3, 5, 1, 1]",0.0,-3.992819244723482
"[2, 4, 1, 2]",0.0,-4.480879476253029
"[7, 3, 1, 3]",-3.084909298962802,-1.0616215399710847
"[6, 2, 0, 0]",0.0,-4.8503737902687245
"[8, 7, 0, 0]",-0.06752029275218333,-1.099792798998457
"[7, 6, 0, 1]",0.0,-1.608838760790305
"[6, 5, 0, 2]",0.0,-1.9424074533965068
"[5, 4, 0, 3]",-1.304893717091805,-2.164027620082256
"[3, 2, 1, 0]",0.0,-2.5009090388550637
"[8, 1, 1, 1]",0.0,-0.48692376646645397
"[5, 8, 0, 2]",0.0,-0.6317037310519684
"[4, 7, 0, 3]",-1.2291277777392589,-0.8924384435859865
"[3, 8, 1, 2]",0.0,-0.4509918846635777
"[2, 7, 1, 3]",-0.608824607604755,-0.6190376298228519
"[1, 6, 1, 3]",-0.7539832177525695,-2.145274148117187
"[6, 1, 1, 2]",0.0,-0.5021417928336182
"[4, 3, 1, 3]",-2.2210691544266483,-1.8121624167365855
"[5, 6, 1, 0]",0.0,-1.8382727543239927
"[4, 5, 1, 1]",0.0,-2.6353193336932446
"[3, 4, 1, 2]",0.0,-3.285008244450229
"[3, 6, 1, 0]",0.0,-2.783701711074626
"[2, 5, 1, 1]",0.0,-4.944104040520253
"[1, 4, 1, 2]",0.0,-5.507682461189885
"[6, 8, 1, 0]",0.0,-1.642872459338748
"[5, 7, 1, 1]",0.0,-1.9184561973834755
"[4, 6, 1, 2]",0.0,-2.099346806468776
"[2, 1, 1, 0]",0.0,-3.6033863449088375
"[2, 5, 0, 0]",0.0,-0.8345778392738333
"[1, 4, 0, 1]",0.0,-0.9588421481911157
"[6, 1, 0, 0]",0.0,-4.102267962164326
"[8, 5, 1, 3]",-0.7839151183373974,-0.7429511582339302
"[4, 8, 1, 0]",0.0,-1.4748022511256826
"[2, 4, 0, 0]",0.0,-1.5867722963162874
"[8, 1, 1, 2]",0.0,-0.568029927926283
"[8, 6, 1, 3]",-1.1094881085059167,-0.9762201007841331
"[7, 5, 0, 0]",0.0,-1.828420428181757
"[6, 4, 0, 1]",0.0,-2.5795154918334826
"[8, 4, 1, 0]",0.0,-0.36726915965500356
"[7, 8, 0, 1]",0.0,-0.3943689023093408
"[6, 7, 0, 2]",0.0,-0.8575273581708474
"[3, 4, 1, 0]",0.0,-2.6815341176276144
"[8, 3, 1, 2]",0.0,-0.46844387443371044
"[3, 7, 0, 0]",0.0,-0.49439804299271106
"[2, 6, 0, 1]",0.0,-0.530461671877277
"[1, 5, 0, 2]",0.0,-0.6179793107824781
"[8, 7, 0, 3]",-0.5782457661083946,-0.5487023845446747
"[6, 5, 0, 3]",-1.0474945504455784,-1.1584479506835326
"[5, 4, 1, 0]",0.0,-1.373844971550363
"[8, 3, 0, 3]",-0.4614931857620669,-0.4573459801856066
"[7, 2, 0, 3]",-0.5038752435189198,-0.5833006720014741
"[6, 1, 1, 0]",0.0,-0.5915522854337025
"[3, 8, 0, 0]",0.0,-0.1361710952495574
"[2, 7, 0, 1]",0.0,-0.28066588195676434
"[1, 6, 0, 2]",0.0,-0.44817234402453654
"[7, 2, 1, 0]",-0.2949405861676817,-0.5629887759185489
"[7, 6, 1, 0]",0.0,-0.976924402107592
"[6, 5, 1, 1]",0.0,-1.3288514833448009
"[5, 4, 1, 2]",0.0,-1.59024613357567
"[2, 1, 0, 0]",0.0,-3.8703668776812297
"[3, 2, 0, 1]",0.0,-3.566806154797113
"[2, 1, 0, 2]",0.0,-3.969403199750323
"[8, 4, 1, 2]",0.0,-0.8083416131368937
"[5, 1, 0, 0]",0.0,-5.106971636814734
"[1, 2, 0, 0]",0.0,-3.8396525084679785
"[8, 6, 0, 1]",0.0,-1.3831072349009284
"[7, 5, 0, 2]",0.0,-1.4604845480062623
"[4, 6, 0, 1]",0.0,-0.8849972469833437
"[3, 5, 0, 2]",0.0,-1.05636235347243
"[6, 1, 0, 3]",-0.6150531540695536,-2.410260872905938
"[7, 2, 0, 2]",-0.032295616163006226,-1.6361910311674135
"[8, 3, 1, 1]",0.0,-0.250372508134607
"[7, 2, 1, 2]",0.0,-0.4308735330220335
"[7, 8, 1, 1]",0.0,-0.13030444908313477
"[6, 7, 1, 2]",0.0,-0.6270866358402127
"[1, 8, 1, 2]",0.0,-2.420401941123089
"[7, 2, 1, 1]",0.0,-0.36948697069715947
"[6, 5, 1, 3]",-1.520092311540833,-1.5136791765099333
"[5, 4, 1, 3]",-1.895193076820005,-1.7151147346436806
"[3, 2, 0, 0]",0.0,-3.0673147450141647
"[2, 1, 0, 1]",0.0,-3.6999539942908335
"[5, 7, 0, 0]",0.0,-0.7347565714972342
"[7, 8, 0, 0]",0.0,-0.15862997967716827
"[6, 7, 0, 1]",0.0,-0.6947032814067361
"[1, 2, 1, 0]",0.0,-3.672381341240058
"[6, 3, 0, 0]",0.0,-2.8926855092918626
"[5, 2, 0, 1]",0.0,-5.052958596065424
"[4, 1, 0, 2]",0.0,-5.544899212417217
"[8, 7, 1, 2]",0.0,-0.536741074087755
"[5, 4, 0, 0]",0.0,-2.447375164800703
"[8, 7, 1, 1]",0.0,-0.29450203217316934
"[7, 6, 1, 2]",0.0,-0.776008299378555
"[4, 5, 0, 0]",0.0,-1.4139788828724278
"[3, 4, 0, 1]",0.0,-1.6824346852339616
"[2, 3, 0, 2]",0.0,-1.8835927163065644
"[8, 2, 0, 0]",0.0,-3.3888544118703203
"[7, 6, 0, 0]",0.0,-1.3420588358920107
"[8, 6, 1, 0]",0.0,-0.614287199586579
"[8, 3, 0, 2]",0.0,-0.48702711149421984
"[2, 5, 1, 0]",0.0,-3.7513032288101806
"[1, 4, 1, 1]",0.0,-5.375037492168288
"[4, 8, 0, 0]",0.0,-0.3684717009258721
"[5, 7, 1, 2]",0.0,-1.3602002057100138
"[5, 3, 0, 0]",0.0,-3.1512531502862364
"[4, 2, 0, 1]",0.0,-4.405076045951366
"[3, 1, 0, 2]",0.0,-4.841461781891965
"[6, 8, 0, 0]",0.0,-0.4800256153206037
"[5, 7, 0, 1]",0.0,-0.8018288438255324
"[4, 6, 0, 2]",0.0,-1.0393007636538663
"[6, 8, 1, 1]",0.0,-1.2667278724310471
"[1, 6, 1, 1]",0.0,-5.1158260159570235
"[6, 8, 1, 2]",0.0,-0.5364227308851944
"[7, 8, 1, 2]",0.0,-0.44168164445252855
"[6, 7, 0, 0]",0.0,-1.0225059868998354
"[5, 6, 0, 1]",0.0,-1.4732914973473283
"[4, 5, 0, 2]",0.0,-1.7669829360628404
"[7, 8, 1, 0]",-1.0059650898517784e-05,-0.8390190274328054
"[1, 8, 1, 1]",0.0,-3.503362552524576
"[8, 1, 0, 2]",0.0,-2.168233635122183
"[8, 7, 0, 1]",0.0,-0.1544322142551443
"[7, 6, 0, 2]",0.0,-0.49296662153825777
"[4, 3, 1, 0]",0.0,-1.505082938383958
"[3, 2, 1, 1]",0.0,-1.6572846362498899
"[8, 1, 0, 0]",0.0,-3.984000022229869
"[8, 6, 0, 0]",0.0,-1.6416670623023701
"[4, 3, 0, 0]",0.0,-2.777135033691053
"[8, 3, 1, 0]",0.0,-0.18518830029361644
"[2, 7, 1, 0]",0.0,-2.7102937533354092
"[8, 1, 0, 1]",0.0,-3.927413301815323
"[7, 4, 0, 0]",0.0,-1.6829034767761473
"[8, 7, 0, 2]",-0.07442292636405938,-0.35969898680804063
"[8, 3, 0, 1]",0.0,-0.8306714076751909
"[2, 8, 1, 0]",0.0,-4.0098675972378235
"[8, 3, 0, 0]",0.0,-0.26549629182074924
"[7, 2, 0, 1]",0.0,-1.8608687911248052
"[6, 1, 0, 2]",0.0,-3.386645134728597
"[8, 7, 1, 0]",0.0,-0.09627243132001814
"[7, 6, 1, 1]",0.0,-0.5312446189581098
"[6, 5, 1, 2]",0.0,-1.2794538380689304
"[1, 8, 1, 0]",0.0,-4.108167745685143
