"[9, 9, 0, 0]",0.0,-0.5114361679745137
"[9, 9, 0, 1]",0.0,-0.5329112363857461
"[9, 9, 0, 2]",0.0,-1.1961785445464213
"[9, 9, 0, 3]",-0.6772934185225199,-0.8768865301502397
"[9, 9, 1, 0]",0.0,-0.7934905739891516
"[9, 9, 1, 1]",0.0,-0.8587567886783418
"[9, 9, 1, 2]",0.0,-1.179881760412057
"[9, 9, 1, 3]",-0.34204404444190417,-1.2041618740603557
"[9, 8, 1, 3]",-0.30662449259981045,-0.8093645181130852
"[9, 7, 0, 0]",0.0,-0.664002982117116
"[9, 6, 0, 1]",0.0,-0.6333985087420549
"[9, 5, 0, 2]",0.0,-0.9320363607647085
"[9, 4, 0, 3]",-0.48498629558881445,-0.6764411016351046
"[9, 3, 1, 0]",0.0,-0.5904030422514405
"[9, 2, 1, 1]",0.0,-0.6029673464495114
"[9, 1, 1, 2]",0.0,-1.0460410162127887
"[8, 0, 1, 3]",-0.6256450628999829,-0.6052529801507232
"[7, 0, 1, 3]",-0.14994138065675222,-0.6274547118849685
"[6, 9, 0, 0]",0.0,-0.11268724065531076
"[5, 9, 0, 1]",0.0,-0.20904041545473906
"[4, 9, 0, 2]",0.0,-1.0090124009208274
"[3, 9, 0, 3]",-0.6386068834186881,-0.7933507251734631
"[2, 9, 0, 3]",-0.37467316785209054,-1.0694054742306751
"[1, 9, 1, 0]",0.0,-0.3591047414290105
"[0, 9, 1, 1]",0.0,-0.9999999999999996
"[0, 9, 1, 2]",0.0,-1.8999999999999986
"[0, 9, 1, 3]",-0.9999999999999996,-1.8999999999999986
"[8, 9, 0, 1]",0.0,-0.7709625165548704
"[7, 9, 0, 2]",0.0,-1.3669971422992113
"[6, 9, 0, 3]",-0.5904334443481042,-1.1626621746586172
"[5, 9, 0, 3]",-0.304014013696728,-0.9813136198695935
"[4, 9, 1, 0]",0.0,-0.43218723229907263
"[3, 9, 1, 1]",0.0,-0.44908646362845744
"[2, 8, 1, 2]",0.0,-0.4132641666829838
"[1, 7, 1, 3]",-0.10882477630387791,-0.6007242011899914
"[0, 6, 1, 3]",-0.9999999999999996,-1.8655118225838214
"[9, 5, 0, 0]",0.0,-0.42028123498301234
"[8, 4, 0, 1]",0.0,-0.49016037033966314
"[7, 3, 0, 2]",0.0,-0.750044232849256
"[6, 2, 0, 3]",-0.20720711575218412,-0.7847207007890047
"[5, 1, 0, 3]",-0.632333402473323,-0.9679332365633488
"[4, 0, 0, 3]",-0.9999444667132745,-1.2710406456952281
"[3, 5, 0, 3]",-0.3281268257818675,-0.4862213844451666
"[2, 4, 1, 0]",0.0,-0.423494772515727
"[1, 3, 1, 1]",0.0,-0.423494772515727
"[0, 2, 1, 2]",0.0,-1.8999999999999986
"[0, 1, 1, 3]",-0.9999999999999996,-1.7579615906370056
"[9, 0, 0, 0]",0.0,-0.9999999999999996
"[8, 9, 1, 0]",0.0,-0.3177822441758969
"[7, 8, 1, 1]",0.0,-0.42699108429095417
"[6, 7, 1, 2]",0.0,-0.42699108429095417
"[5, 6, 1, 3]",0.0,-0.266942812181299
"[4, 5, 0, 0]",0.0,-0.28336708746294204
"[3, 4, 0, 1]",0.0,-0.32532127063892924
"[2, 3, 0, 2]",0.0,-0.5667642811934244
"[1, 2, 0, 3]",-0.23933551931322636,-0.746082321613548
"[0, 1, 0, 3]",-0.9992264459898547,-1.1373566848817631
"[0, 0, 1, 0]",0.0,-0.9999999975020037
"[0, 0, 1, 1]",0.0,-0.9999999999999996
"[0, 0, 1, 2]",0.0,-1.8999999999999986
"[0, 0, 1, 3]",-0.9999999999999996,-1.8998461419204162
"[9, 4, 0, 0]",0.0,-0.6760497558425236
"[9, 3, 0, 1]",0.0,-0.569141338972387
"[9, 2, 0, 2]",0.0,-0.8015217511742458
"[9, 1, 0, 3]",-0.19547218796936733,-1.6514467791995706
"[8, 0, 1, 0]",0.0,-0.4177262497757372
"[7, 0, 1, 1]",0.0,-0.26353066657062857
"[6, 0, 1, 2]",0.0,-0.43776286924752567
"[5, 0, 1, 3]",-0.16354274283609627,-0.5601469066026112
"[4, 0, 1, 3]",-0.23203894347842718,-0.6290735819028686
"[3, 0, 1, 3]",-0.2186655718126893,-0.7137024131470882
"[2, 0, 1, 3]",-0.12080572846143879,-0.6928399879014296
"[1, 0, 1, 3]",-0.06941552295439879,-1.10732582531504
"[9, 8, 0, 1]",0.0,-0.572900533155561
"[8, 7, 0, 2]",0.0,-0.5548288277777812
"[7, 6, 0, 3]",-0.08323815013005409,-0.532934322672467
"[6, 5, 0, 3]",-0.2506531612905662,-0.5752887459254759
"[5, 4, 0, 3]",-0.22185707409682653,-0.6111797779670541
"[4, 3, 1, 0]",0.0,-0.26968676409682657
"[3, 2, 1, 1]",0.0,-0.2717143200558711
"[2, 1, 1, 2]",0.0,-0.4829620396460881
"[0, 9, 0, 0]",0.0,-0.1854906625690755
"[8, 9, 0, 3]",-0.3027193642110505,-0.9463629282852188
"[7, 9, 0, 3]",-0.6498842774323803,-1.1379957067835271
"[6, 9, 1, 0]",0.0,-0.6782590313172976
"[5, 9, 1, 1]",0.0,-0.6641038656708926
"[4, 9, 1, 2]",0.0,-0.759268991091252
"[3, 9, 1, 3]",-0.23735092419001358,-0.49132011817626664
"[2, 9, 0, 0]",0.0,-0.2546231765109008
"[1, 9, 0, 1]",0.0,-0.3707838868282198
"[0, 9, 0, 2]",0.0,-0.8156380164494418
"[9, 8, 1, 0]",0.0,-0.17790662234301793
"[9, 7, 1, 1]",0.0,-0.2791943965342471
"[9, 6, 1, 2]",0.0,-0.9357126787708077
"[9, 5, 1, 3]",-0.5444716193330765,-0.6736818207712246
"[9, 4, 1, 3]",-0.4568708369799659,-0.7191350727050716
"[9, 3, 0, 0]",0.0,-0.6738287285847372
"[9, 2, 0, 1]",0.0,-0.66294879896941
"[9, 1, 0, 2]",0.0,-1.5931767919004718
"[9, 0, 0, 3]",-0.9999999999999996,-1.3998402803116765
"[9, 8, 0, 0]",0.0,-0.41782141653842425
"[9, 7, 0, 1]",0.0,-0.37549892449451505
"[9, 6, 0, 2]",0.0,-0.620468784204617
"[9, 5, 0, 3]",-0.2117282628444781,-0.6701268352318995
"[8, 2, 1, 1]",0.0,-0.21063878556326587
"[7, 1, 1, 2]",0.0,-0.4663581990292847
"[6, 0, 1, 3]",-0.2421244184181355,-0.651591882291162
"[4, 9, 0, 0]",0.0,-0.327989124657915
"[3, 8, 0, 1]",0.0,-0.11421927007433612
"[2, 7, 0, 2]",0.0,-0.3681243373841123
"[1, 6, 0, 3]",-0.18166279247715175,-0.29476408882368643
"[0, 5, 1, 0]",0.0,-0.9999992612520905
"[0, 4, 1, 1]",0.0,-0.9999999999999996
"[0, 3, 1, 2]",0.0,-1.8999999999999986
"[0, 2, 1, 3]",-0.9999999999999996,-1.8737306945332373
"[4, 1, 0, 0]",0.0,-0.3778917136492664
"[3, 0, 0, 1]",0.0,-0.9999059538913014
"[2, 9, 0, 2]",0.0,-0.9638782831518391
"[1, 9, 0, 3]",-0.4889059731647231,-1.1660729097471643
"[0, 9, 0, 3]",-0.9999999999999996,-0.7427344912203857
"[7, 9, 1, 0]",0.0,-0.37268861410439635
"[6, 9, 1, 1]",0.0,-0.37279434021235014
"[5, 9, 1, 2]",0.0,-0.4473328055552375
"[4, 9, 1, 3]",-0.060015908601476216,-0.6361817742962074
"[3, 9, 0, 0]",0.0,-0.31764732835775816
"[2, 8, 0, 1]",0.0,-0.2841512467833431
"[1, 7, 0, 2]",0.0,-0.866259988373222
"[0, 6, 0, 3]",-0.8332281830033343,-0.665977232340171
"[8, 7, 0, 0]",0.0,-0.2544432523025115
"[7, 6, 0, 1]",0.0,-0.27275993549907324
"[6, 5, 0, 2]",0.0,-0.5528349671106786
"[4, 3, 0, 3]",-0.4273349292999972,-0.605799497168089
"[3, 2, 1, 0]",0.0,-0.44459723278419105
"[2, 1, 1, 1]",0.0,-0.445014688575984
"[1, 0, 1, 2]",0.0,-1.6412509862534308
"[8, 9, 1, 1]",0.0,-0.655815609334484
"[7, 9, 1, 2]",0.0,-0.7176911421094768
"[6, 9, 1, 3]",-0.10677779829856579,-0.7314654742968842
"[5, 9, 0, 0]",0.0,-0.2514398417253994
"[4, 9, 0, 1]",0.0,-0.3784118370493398
"[3, 9, 0, 2]",0.0,-0.7193563850624004
"[0, 9, 1, 0]",0.0,-0.9999999999999996
"[0, 8, 1, 3]",-0.9999999999999996,-1.8640689961596013
"[8, 4, 0, 3]",-0.26319602594168795,-0.6608597487145415
"[7, 3, 1, 0]",0.0,-0.26319602594168795
"[6, 2, 1, 1]",0.0,-0.26319602594168795
"[5, 1, 1, 2]",0.0,-0.6289618861952039
"[2, 9, 0, 1]",0.0,-0.24132825925100154
"[1, 9, 0, 2]",0.0,-1.014783665808854
"[0, 8, 1, 1]",0.0,-0.9999999999999996
"[0, 7, 1, 2]",0.0,-1.8999999999999986
"[0, 5, 1, 3]",-0.9999999999999996,-1.750147516837226
"[1, 4, 0, 0]",0.0,-0.902628223260823
"[0, 3, 0, 1]",0.0,-0.905536598122587
"[9, 0, 1, 0]",0.0,-0.5888159151701963
"[9, 0, 1, 1]",0.0,-0.4787613223439013
"[9, 0, 1, 2]",0.0,-0.8474422372656862
"[9, 0, 1, 3]",-0.4905676162572111,-1.1644648922620509
"[9, 7, 0, 2]",0.0,-0.6740921627613071
"[9, 6, 0, 3]",-0.18330723601500182,-0.6803542387814007
"[9, 4, 1, 0]",0.0,-0.2658325594571711
"[9, 3, 1, 1]",0.0,-0.3772504705129146
"[9, 2, 1, 2]",0.0,-0.7349564117413747
"[9, 1, 1, 3]",-0.27929426231131677,-0.9696467559393263
"[7, 9, 1, 1]",0.0,-0.33512271070326793
"[6, 9, 1, 2]",0.0,-0.3867027558864315
"[5, 9, 1, 3]",-0.09354672264779329,-0.4614407236200061
"[3, 9, 0, 1]",0.0,-0.3416364880626146
"[9, 7, 1, 3]",-0.5277782411948915,-0.8459598604357407
"[9, 6, 1, 3]",-0.3248890978581476,-0.9880669808461242
"[9, 4, 0, 1]",0.0,-0.585097415062446
"[8, 3, 0, 2]",0.0,-0.7933464569528542
"[7, 2, 0, 3]",-0.2134610422159773,-0.6099803913964592
"[6, 1, 1, 0]",0.0,-0.21348288966603018
"[5, 0, 1, 1]",0.0,-0.46593388496124216
"[4, 0, 1, 2]",0.0,-0.575950900649225
"[5, 9, 1, 0]",0.0,-0.5913120573063166
"[4, 9, 1, 1]",0.0,-0.6558030654292791
"[3, 9, 1, 2]",0.0,-0.9414210607581742
"[2, 9, 1, 3]",-0.13283249440503517,-0.8663663873985737
"[1, 9, 1, 3]",-0.1978912408251998,-1.434488898326642
"[0, 8, 0, 3]",-0.7712320754503901,-0.4568385655698916
"[0, 7, 1, 0]",0.0,-0.9998566588802034
"[0, 6, 1, 1]",0.0,-0.9999999957696215
"[0, 5, 1, 2]",0.0,-1.899999999970056
"[0, 4, 1, 3]",-0.9999999999999996,-1.6747255988102288
"[0, 3, 1, 3]",-0.9999999999999996,-1.851890783964486
"[9, 2, 0, 0]",0.0,-0.5426378154137548
"[9, 1, 0, 1]",0.0,-0.5108046015479695
"[9, 0, 0, 2]",0.0,-1.39381662213146
"[8, 9, 0, 2]",0.0,-1.2024100122060344
"[2, 9, 1, 2]",0.0,-0.6047248554716298
"[9, 7, 0, 3]",-0.23592924830980228,-0.40413261191050215
"[9, 6, 1, 0]",0.0,-0.2429305235971545
"[9, 5, 1, 1]",0.0,-0.20133360490260305
"[9, 4, 1, 2]",0.0,-0.7008005730519677
"[9, 3, 1, 3]",-0.39572000887386494,-0.7136024204563369
"[8, 0, 0, 2]",0.0,-1.3833567897262644
"[3, 8, 1, 3]",-0.014437726196913928,-0.27214731507369644
"[2, 7, 0, 0]",0.0,-0.4289646058621329
"[1, 6, 0, 1]",0.0,-0.43074995379101133
"[0, 5, 0, 2]",0.0,-0.7846364860943701
"[9, 3, 0, 3]",-0.10218781340606808,-0.8448412854523959
"[9, 2, 0, 3]",-0.23994906414468967,-0.9116287247728327
"[9, 1, 1, 0]",0.0,-0.27624148884428623
"[4, 8, 0, 0]",0.0,-0.20515459782055787
"[3, 7, 0, 1]",0.0,-0.3484201845070507
"[2, 6, 0, 2]",0.0,-0.6314652860918065
"[1, 5, 0, 3]",-0.28503108971553415,-0.7652713641675728
"[0, 4, 0, 3]",-0.901522909781639,-0.8622463614067045
"[8, 2, 0, 3]",-0.18213446164256866,-0.5959700471047339
"[7, 1, 1, 0]",0.0,-0.18213446164256866
"[6, 0, 1, 1]",0.0,-0.3672902873238973
"[5, 0, 1, 2]",0.0,-0.6235175853980415
"[9, 8, 1, 1]",0.0,-0.4795895836369714
"[9, 7, 1, 2]",0.0,-0.7476239419060834
"[5, 8, 1, 0]",0.0,-0.018530201888518415
"[4, 7, 1, 1]",0.0,-0.09143020188851841
"[3, 6, 1, 2]",0.0,-0.1431851071490903
"[2, 5, 1, 3]",-0.13486784401000002,-0.31108224166355836
"[1, 4, 1, 3]",-0.25354980332740684,-0.5389395743094105
"[0, 3, 0, 0]",0.0,-0.36715710838369864
"[9, 8, 1, 2]",0.0,-0.884414184621114
"[9, 6, 0, 0]",0.0,-0.6695610891270065
"[9, 5, 0, 1]",0.0,-0.7057866513148859
"[9, 4, 0, 2]",0.0,-0.8728237793057996
"[0, 7, 1, 3]",-0.9999999999999996,-1.874349054010503
"[1, 5, 0, 0]",0.0,-0.4424556237930408
"[0, 4, 0, 1]",0.0,-0.44271104305387265
"[9, 3, 0, 2]",0.0,-0.7613525229779294
"[8, 0, 1, 1]",0.0,-0.47931773264461885
"[7, 0, 1, 2]",0.0,-0.6661921981084793
"[6, 3, 0, 3]",-0.3506020450257796,-0.4720984355872002
"[5, 2, 1, 0]",0.0,-0.3647359265628205
"[4, 1, 1, 1]",0.0,-0.3657472168840526
"[3, 0, 1, 2]",0.0,-0.5913414948202793
"[1, 9, 0, 0]",0.0,-0.5000108376902195
"[0, 9, 0, 1]",0.0,-0.568725295088661
"[8, 9, 1, 3]",-0.18384467480786745,-0.6327430214370772
"[7, 9, 0, 0]",0.0,-0.3790874594820585
"[6, 8, 0, 1]",0.0,-0.33744232287011733
"[5, 7, 0, 2]",0.0,-0.5649418621940686
"[4, 6, 0, 3]",-0.17496635062424692,-0.49986661520093817
"[3, 5, 1, 0]",0.0,-0.1757695637799176
"[2, 4, 1, 1]",0.0,-0.1757695637799176
"[1, 3, 1, 2]",0.0,-1.0757436477692934
"[9, 2, 1, 0]",0.0,-0.11715194718597655
"[8, 1, 1, 1]",0.0,-0.29003654836635895
"[9, 8, 0, 3]",-0.13617441773618555,-0.8729076731461511
"[8, 7, 1, 0]",0.0,-0.024022797029757414
"[7, 6, 1, 1]",0.0,-0.024022797029757414
"[6, 5, 1, 2]",0.0,-0.024022797029757414
"[5, 4, 1, 3]",0.0,-0.09945821564381006
"[4, 3, 1, 3]",-0.03123363198359399,-0.17458663728219662
"[3, 2, 0, 0]",0.0,-0.28880759590607513
"[2, 1, 0, 1]",0.0,-0.36419393238235415
"[1, 0, 0, 2]",0.0,-1.7679956622726785
"[8, 5, 0, 0]",0.0,-0.055953533655958565
"[7, 4, 0, 1]",0.0,-0.21337658345000815
"[6, 3, 0, 2]",0.0,-0.4217192036505436
"[5, 2, 0, 3]",-0.21915734066635234,-0.674898965618735
"[4, 1, 1, 0]",0.0,-0.22212433594000436
"[3, 0, 1, 1]",0.0,-0.5828830442828035
"[2, 0, 1, 2]",0.0,-0.6678368522301437
"[9, 5, 1, 0]",0.0,-0.23007909786672215
"[9, 4, 1, 1]",0.0,-0.3583359929944405
"[9, 3, 1, 2]",0.0,-0.6243062296450841
"[9, 2, 1, 3]",-0.33435392760499383,-0.7419275589781169
"[9, 1, 0, 0]",0.0,-0.42728092044376953
"[9, 0, 0, 1]",0.0,-0.9999999999999996
"[8, 6, 0, 3]",-0.06430248477160123,-0.4963796208687149
"[7, 5, 0, 3]",-0.310259142152434,-0.5016051677295821
"[6, 4, 1, 0]",0.0,-0.3107208233181359
"[5, 3, 1, 1]",0.0,-0.3107284410529405
"[4, 2, 1, 2]",0.0,-0.35840644879815436
"[3, 1, 1, 3]",-0.02850852477888865,-0.29490227025844534
"[2, 0, 0, 0]",0.0,-0.9999858841836138
"[0, 8, 1, 0]",0.0,-0.9999999989246946
"[0, 7, 1, 1]",0.0,-0.9999999999976144
"[0, 6, 1, 2]",0.0,-1.8999999999999986
"[1, 3, 0, 0]",0.0,-0.7745279524052476
"[0, 2, 0, 1]",0.0,-0.775725215764587
"[8, 2, 1, 0]",0.0,-0.3195475053579325
"[7, 1, 1, 1]",0.0,-0.3195475053579325
"[9, 8, 0, 2]",0.0,-0.6190456506578895
"[6, 8, 0, 3]",-0.10094189891315124,-0.20429335851962585
"[5, 7, 0, 3]",-0.12392341411475576,-0.31286165839444335
"[8, 9, 0, 0]",0.0,-0.3522704728687528
"[7, 9, 0, 1]",0.0,-0.4486270524257797
"[6, 9, 0, 2]",0.0,-0.730814704534241
"[4, 8, 0, 3]",-0.16252466350775094,-0.26641739843046447
"[3, 7, 1, 0]",0.0,-0.1626124152348601
"[2, 6, 1, 1]",0.0,-0.209977464282102
"[1, 5, 1, 2]",0.0,-1.125170737006113
"[0, 4, 1, 0]",0.0,-0.9999999999976144
"[0, 3, 1, 1]",0.0,-0.9999999999999966
"[6, 0, 0, 0]",0.0,-0.9999999850214727
"[2, 9, 1, 0]",0.0,-0.6901755607232921
"[1, 9, 1, 1]",0.0,-0.6902385854580078
"[7, 8, 0, 3]",-0.08681709308638343,-0.2408493765788033
"[6, 7, 0, 3]",-0.22274019539964818,-0.39280056614753234
"[5, 6, 1, 0]",0.0,-0.22274019539964818
"[4, 5, 1, 1]",0.0,-0.22274019539964818
"[3, 4, 1, 2]",0.0,-0.32469561008411607
"[2, 3, 1, 3]",-0.05562357112348283,-0.35537533148866474
"[1, 2, 0, 0]",0.0,-0.8082546433414918
"[0, 1, 0, 1]",0.0,-0.808274658492872
"[4, 9, 0, 3]",-0.4237257652096172,-1.177309486540631
"[3, 9, 1, 0]",0.0,-0.423736256803309
"[2, 9, 1, 1]",0.0,-0.572562514944098
"[1, 9, 1, 2]",0.0,-1.429633008242034
"[1, 8, 0, 2]",0.0,-0.7572976646292681
"[0, 7, 0, 3]",-0.7458134171670999,-0.489058350057122
"[8, 4, 1, 1]",0.0,-0.12990369341122573
"[7, 3, 1, 2]",0.0,-0.13069287597981194
"[6, 2, 1, 3]",-0.00013140072321166308,-0.2182822820975
"[5, 1, 1, 3]",-0.04455706622262931,-0.4275560803687454
"[4, 0, 0, 0]",0.0,-0.9999999999995088
"[8, 4, 0, 0]",0.0,-0.5332866520343509
"[7, 3, 0, 1]",0.0,-0.6733796229703124
"[6, 2, 0, 2]",0.0,-1.0814780818595573
"[4, 0, 1, 0]",0.0,-0.7461208891278879
"[1, 8, 0, 0]",0.0,-0.592930752946636
"[0, 7, 0, 1]",0.0,-0.5980397939193106
"[8, 0, 1, 2]",0.0,-0.46958735892160897
"[8, 9, 1, 2]",0.0,-0.47917552986737594
"[7, 9, 1, 3]",-0.008549392925316543,-0.7121229254885069
"[4, 8, 0, 2]",0.0,-0.37655561988219577
"[3, 7, 0, 3]",-0.23323411527195897,-0.5729416544608911
"[2, 6, 0, 3]",-0.08092778649974683,-0.3866275502914686
"[0, 8, 0, 1]",0.0,-0.4049992732288679
"[2, 6, 1, 0]",0.0,-0.23323626687802257
"[1, 5, 1, 1]",0.0,-0.24309244004964153
"[0, 4, 1, 2]",0.0,-1.8999999999999986
"[2, 8, 0, 3]",-0.04830503334252599,-0.4036937470289256
"[1, 7, 0, 3]",-0.007281190748076842,-0.5874308661718606
"[4, 8, 1, 1]",0.0,-0.4699727683905739
"[3, 7, 1, 2]",0.0,-0.5452847674551252
"[2, 6, 1, 3]",-0.07068762322416779,-0.4217317596846608
"[2, 1, 0, 0]",0.0,-0.1599602995666613
"[1, 0, 0, 1]",0.0,-0.9998709929921831
"[0, 1, 0, 2]",0.0,-1.149210025627735
"[9, 7, 1, 0]",0.0,-0.1379522446771595
"[9, 6, 1, 1]",0.0,-0.2787115758220602
"[9, 5, 1, 2]",0.0,-0.6903037415119118
"[6, 9, 0, 1]",0.0,-0.4822856433320577
"[5, 9, 0, 2]",0.0,-1.0589821228074474
"[8, 3, 0, 1]",0.0,-0.7109606829199809
"[7, 2, 0, 2]",0.0,-1.2826742098247856
"[6, 1, 0, 3]",-0.6135990506955628,-1.2078930286100549
"[5, 0, 0, 3]",-0.9996670103634684,-1.222569155156526
"[2, 8, 1, 1]",0.0,-0.3013027395740858
"[1, 7, 1, 2]",0.0,-1.2553309463884141
"[7, 5, 0, 0]",0.0,-0.44440075954698255
"[6, 4, 0, 1]",0.0,-0.5059311487898257
"[5, 3, 0, 2]",0.0,-0.6458743365027733
"[4, 2, 0, 3]",-0.24747550686898645,-0.7447516904200329
"[3, 1, 0, 3]",-0.5549092286227094,-1.0117114334228918
"[2, 0, 1, 0]",0.0,-0.6945692622512125
"[1, 0, 1, 1]",0.0,-0.5318843356161793
"[0, 8, 0, 0]",0.0,-0.06609882602767163
"[8, 7, 1, 3]",0.0,-0.271
"[7, 6, 0, 0]",0.0,-0.412424502578403
"[6, 5, 0, 1]",0.0,-0.42933772940053017
"[5, 4, 0, 2]",0.0,-0.8644937206656341
"[8, 0, 0, 1]",0.0,-0.9999999999757753
"[1, 6, 0, 0]",0.0,-0.45619390079945205
"[0, 5, 0, 1]",0.0,-0.45685079789417243
"[9, 1, 1, 1]",0.0,-0.2539692130283776
"[6, 2, 0, 0]",0.0,-0.2701382822359035
"[5, 1, 0, 1]",0.0,-0.3050100088657367
"[4, 0, 0, 2]",0.0,-1.4265780786859898
"[4, 8, 1, 0]",0.0,-0.14262561960114264
"[3, 7, 1, 1]",0.0,-0.14371264290070235
"[2, 6, 1, 2]",0.0,-0.2678947096267548
"[1, 5, 1, 3]",-0.13746874165329556,-0.5811814176162193
"[1, 1, 0, 0]",0.0,-0.9992264459898547
"[0, 0, 0, 1]",0.0,-0.9992264459898547
"[8, 7, 0, 1]",0.0,-0.4855786936524451
"[7, 6, 0, 2]",0.0,-0.8427666632511114
"[5, 4, 1, 0]",0.0,-0.2868243684800221
"[4, 3, 1, 1]",0.0,-0.32556641738002207
"[3, 2, 1, 2]",0.0,-0.5510450742539059
"[2, 1, 1, 3]",-0.30183501437643145,-0.288516316483561
"[1, 0, 0, 0]",0.0,-0.9999950781191616
"[2, 8, 1, 0]",0.0,-0.0031504747013807745
"[1, 7, 1, 1]",0.0,-0.009090916080669488
"[2, 8, 1, 3]",-0.0408908843609658,-0.22178970652692756
"[1, 7, 0, 0]",0.0,-0.6563934339413884
"[0, 6, 0, 1]",0.0,-0.6563934340011868
"[0, 8, 1, 2]",0.0,-1.8999999999999986
"[8, 5, 0, 1]",0.0,-0.34917395047382377
"[7, 4, 0, 2]",0.0,-0.6810429014906355
"[6, 5, 1, 0]",0.0,-0.08707193141129121
"[5, 4, 1, 1]",0.0,-0.08737625668350824
"[4, 3, 1, 2]",0.0,-0.09889269305370163
"[3, 2, 1, 3]",-0.0022477075351035195,-0.4163236288467458
"[5, 4, 0, 0]",0.0,-0.4280912252008513
"[4, 3, 0, 1]",0.0,-0.49680346311699275
"[3, 2, 0, 2]",0.0,-1.0702440410463305
"[2, 1, 0, 3]",-0.5557416699023184,-1.0126842428195215
"[1, 0, 0, 3]",-0.9998955043236684,-1.2966240929443718
"[8, 5, 1, 1]",0.0,-0.12720590851171368
"[7, 4, 1, 2]",0.0,-0.12720590851171368
"[6, 3, 1, 3]",0.0,-0.01667241765106286
"[5, 2, 0, 0]",0.0,-0.36623384833942585
"[4, 1, 0, 1]",0.0,-0.4386325655652582
"[3, 0, 0, 2]",0.0,-1.356996700369182
"[3, 8, 0, 3]",-0.15411155004441285,-0.26545344644200203
"[2, 7, 1, 0]",0.0,-0.24891423796205764
"[1, 6, 1, 1]",0.0,-0.24891423796205764
"[4, 5, 1, 3]",-0.013508517176729925,-0.13724295364810002
"[3, 4, 1, 3]",-0.08446765828329,-0.1996182095438962
"[2, 3, 0, 0]",0.0,-0.1935026418903343
"[1, 2, 0, 1]",0.0,-0.1935026418903343
"[2, 6, 0, 0]",0.0,-0.2025105594886017
"[1, 5, 0, 1]",0.0,-0.2124839250739471
"[0, 4, 0, 2]",0.0,-0.43283461937833834
"[3, 5, 0, 0]",0.0,-0.3372573228511374
"[2, 4, 0, 1]",0.0,-0.33758907499229857
"[1, 3, 0, 2]",0.0,-1.2535493870429262
"[0, 2, 0, 3]",-0.9990449950492033,-1.006995247365351
"[8, 2, 0, 2]",0.0,-1.2378190855325764
"[7, 1, 0, 3]",-0.4315436466866166,-1.2291198127426164
"[6, 0, 0, 3]",-0.9999990879655439,-1.1798269614601964
"[1, 8, 0, 3]",-0.3120917031540511,-0.2554275460439662
"[0, 8, 0, 2]",0.0,-0.31035845977526283
"[8, 4, 1, 2]",0.0,-0.1802483541931164
"[7, 3, 1, 3]",0.0,-0.11244332999335088
"[4, 8, 1, 2]",0.0,-0.7448540448586942
"[3, 7, 1, 3]",-0.016252336836334955,-0.26482259264432484
"[8, 1, 0, 1]",0.0,-0.4023794303810063
"[7, 0, 0, 2]",0.0,-1.441013282572382
"[7, 8, 1, 2]",0.0,-0.3949335733866053
"[6, 7, 1, 3]",0.0,-0.181
"[5, 6, 0, 0]",0.0,-0.38833125205621566
"[4, 5, 0, 1]",0.0,-0.4793835685932584
"[3, 4, 0, 2]",0.0,-0.6706219301446337
"[2, 3, 0, 3]",-0.22483360599048774,-0.7841067530062147
"[1, 2, 1, 0]",0.0,-0.22483360599048774
"[0, 1, 1, 1]",0.0,-0.999999999949352
"[3, 8, 1, 0]",0.0,-0.021990348943728838
"[2, 7, 1, 1]",0.0,-0.023320628408457958
"[1, 6, 1, 2]",0.0,-0.933555961421711
"[2, 4, 0, 0]",0.0,-0.3157672549579601
"[1, 3, 0, 1]",0.0,-0.38411979078346525
"[0, 2, 0, 2]",0.0,-0.8228937279202102
"[7, 3, 0, 0]",0.0,-0.24702660065819104
"[6, 2, 0, 1]",0.0,-0.32156043214310753
"[5, 1, 0, 2]",0.0,-1.30824577957122
"[3, 0, 1, 0]",0.0,-0.8945908036040844
"[2, 0, 1, 1]",0.0,-0.7749427885598892
"[8, 2, 0, 0]",0.0,-0.4527365192222294
"[7, 1, 0, 1]",0.0,-0.5124179551655685
"[6, 0, 0, 2]",0.0,-1.379091176945439
"[6, 8, 1, 1]",0.0,-0.2976741988355961
"[5, 7, 1, 2]",0.0,-0.2988824748839543
"[4, 6, 1, 3]",-0.0001797010299914431,-0.4003898027179439
"[3, 5, 1, 3]",-0.1588329090812669,-0.17353736889853738
"[0, 4, 0, 0]",0.0,-0.18746209185790827
"[5, 1, 0, 0]",0.0,-0.36075719674528195
"[4, 0, 0, 1]",0.0,-0.9999999996250644
"[8, 5, 1, 0]",0.0,-0.10807862946455084
"[7, 4, 1, 1]",0.0,-0.10807862946455084
"[6, 3, 1, 2]",0.0,-0.122813895647807
"[5, 2, 1, 3]",-0.0035806818714238216,-0.20622999675842735
"[4, 1, 1, 3]",-0.13696340902965032,-0.2998215202393542
"[6, 0, 1, 0]",0.0,-0.6677131923824332
"[0, 6, 0, 0]",0.0,-0.14764461732045409
"[7, 5, 1, 0]",0.0,-0.06430248477160123
"[6, 4, 1, 1]",0.0,-0.07148146464851972
"[5, 3, 1, 2]",0.0,-0.08895031568235483
"[4, 2, 1, 3]",-0.007976644307687252,-0.1403769689356065
"[0, 6, 1, 0]",0.0,-0.9999999746337325
"[0, 5, 1, 1]",0.0,-0.9999999999987322
"[4, 8, 0, 1]",0.0,-0.136021933249459
"[3, 7, 0, 2]",0.0,-0.29107119257306857
"[8, 6, 0, 2]",0.0,-0.8233487479672564
"[6, 4, 0, 3]",-0.3001171215804164,-0.6607353180743796
"[5, 3, 0, 3]",-0.26890592458987195,-0.658896644544381
"[3, 1, 1, 0]",0.0,-0.24747550686898645
"[8, 4, 1, 0]",0.0,-0.1902310020012887
"[7, 3, 1, 1]",0.0,-0.1902310020012887
"[6, 2, 1, 2]",0.0,-0.24287206752944224
"[0, 1, 1, 0]",0.0,-0.9999999570420033
"[3, 8, 1, 1]",0.0,-0.36814818827295287
"[2, 7, 1, 2]",0.0,-0.480614481611467
"[1, 6, 1, 3]",-0.06981695513994257,-0.6755406105648256
"[8, 0, 0, 3]",-0.9999997424145313,-1.1081705067458083
"[1, 8, 1, 0]",0.0,-0.20618152651324162
"[0, 7, 0, 0]",0.0,-0.21747064548816458
"[8, 5, 0, 3]",-0.4067290523014,-0.4946811383945592
"[7, 4, 1, 0]",0.0,-0.4105442565461695
"[6, 3, 1, 1]",0.0,-0.4105442565461695
"[5, 2, 1, 2]",0.0,-0.46417920809803015
"[3, 0, 0, 0]",0.0,-0.9986899794913624
"[7, 8, 0, 0]",0.0,-0.6061308621704281
"[6, 7, 0, 1]",0.0,-0.6569760230840741
"[5, 6, 0, 2]",0.0,-1.0313415351378032
"[4, 5, 0, 3]",-0.4817603848763754,-0.570826684795403
"[3, 4, 0, 3]",-0.2994972935090332,-0.524035111951388
"[3, 8, 0, 2]",0.0,-0.5581367117831416
"[2, 7, 0, 3]",-0.11612041939408192,-0.33446298615293707
"[1, 6, 1, 0]",0.0,-0.12499097524853899
"[5, 1, 1, 0]",0.0,-0.22812355477232676
"[4, 0, 1, 1]",0.0,-0.4306567838196065
"[5, 8, 0, 0]",0.0,-0.5896027393845343
"[4, 7, 0, 1]",0.0,-0.5899408785758866
"[3, 6, 0, 2]",0.0,-1.011860683530912
"[2, 5, 0, 3]",-0.35417267978124,-0.535095523089779
"[1, 4, 0, 3]",-0.25491766503186,-0.6207278886720925
"[0, 3, 0, 3]",-0.8784233454094307,-0.604791307093873
"[8, 1, 1, 2]",0.0,-0.39342953010850656
"[8, 0, 0, 0]",0.0,-0.9999999969160541
"[8, 1, 0, 2]",0.0,-1.5399566914572398
"[7, 0, 0, 3]",-0.9997302783944093,-1.0910632732211605
"[1, 8, 0, 1]",0.0,-0.14615091232791266
"[0, 7, 0, 2]",0.0,-0.3157174943600766
"[7, 3, 0, 3]",-0.37719633236614813,-0.6831473244316347
"[6, 2, 1, 0]",0.0,-0.37719633257355073
"[5, 1, 1, 1]",0.0,-0.3771963340714034
"[8, 1, 0, 0]",0.0,-0.24432787915732435
"[7, 0, 0, 1]",0.0,-0.9995432240925494
"[6, 1, 0, 2]",0.0,-1.2399111385117436
"[4, 1, 0, 3]",-0.6815536101845164,-0.8585421868303766
"[6, 7, 1, 0]",0.0,-0.08681709308638343
"[5, 6, 1, 1]",0.0,-0.08681709308638343
"[4, 5, 1, 2]",0.0,-0.20004332921028287
"[1, 2, 1, 3]",-0.1298312876316627,-0.4256683396201368
"[0, 1, 0, 0]",0.0,-0.22328920051690943
"[2, 4, 0, 3]",-0.06333131715739942,-0.4659388542170776
"[1, 3, 0, 3]",-0.25601794007401,-0.9663677625291875
"[0, 2, 1, 0]",0.0,-0.9999999469654363
"[3, 7, 0, 0]",0.0,-0.5796122576691055
"[2, 6, 0, 1]",0.0,-0.5797430831424777
"[1, 5, 0, 2]",0.0,-1.282333281582239
"[0, 3, 1, 0]",0.0,-0.9999897095698544
"[0, 2, 1, 1]",0.0,-0.9999999998007438
"[0, 1, 1, 2]",0.0,-1.8999999999996318
"[1, 0, 1, 0]",0.0,-0.8891611181805116
"[2, 8, 0, 0]",0.0,-0.29609402788898337
"[1, 7, 0, 1]",0.0,-0.301114856234614
"[0, 6, 0, 2]",0.0,-0.5732093747918604
"[8, 1, 0, 3]",-0.4022044504514643,-0.8476580226268007
"[1, 8, 1, 3]",-0.06360137201767951,-0.7293608894845711
"[4, 8, 1, 3]",-0.08460270871075606,-0.19717469830434192
"[3, 8, 1, 2]",0.0,-0.3935818838497959
"[2, 7, 1, 3]",-0.09100736984457412,-0.4803117509261415
"[0, 5, 0, 0]",0.0,-0.14640489052215566
"[7, 0, 1, 0]",0.0,-0.7021373415808402
"[3, 8, 0, 0]",0.0,-0.4841486344891829
"[2, 7, 0, 1]",0.0,-0.5659759206359231
"[1, 6, 0, 2]",0.0,-1.1807220266720624
"[0, 5, 0, 3]",-0.8784233454094308,-0.838472237931132
"[8, 3, 0, 3]",-0.1465962730702163,-0.4872333851726131
"[5, 0, 1, 0]",0.0,-0.8156597208588517
"[1, 5, 1, 0]",0.0,-0.09839048492386432
"[8, 2, 1, 2]",0.0,-0.16659321013419376
"[7, 1, 1, 3]",-0.022876792454961006,-0.18185523182211244
"[8, 6, 1, 2]",0.0,0.0
"[7, 5, 1, 3]",0.0,-0.06561
"[6, 4, 0, 0]",0.0,-0.3640783115061869
"[5, 3, 0, 1]",0.0,-0.4489874050250141
"[4, 2, 0, 2]",0.0,-0.9974471653302073
"[2, 0, 0, 3]",-0.9999897095698544,-1.2249959662838938
"[8, 6, 1, 0]",0.0,-0.1459796505199398
"[7, 5, 1, 1]",0.0,-0.1459796505199398
"[6, 4, 1, 2]",0.0,-0.14857715322442913
"[5, 3, 1, 3]",-0.00046383976865881023,-0.09
"[3, 1, 0, 0]",0.0,-0.32672420034332034
"[2, 0, 0, 1]",0.0,-0.9999885661887271
"[8, 3, 1, 3]",0.0,-0.010527372575609695
"[7, 2, 0, 0]",0.0,-0.33211141319537985
"[6, 1, 0, 1]",0.0,-0.42040036451554136
"[5, 0, 0, 2]",0.0,-1.4520357370614452
"[3, 0, 0, 3]",-0.9962428978738637,-1.0415115422216668
"[3, 6, 0, 0]",0.0,-0.3067585270686331
"[2, 5, 0, 1]",0.0,-0.37390670328491993
"[1, 4, 0, 2]",0.0,-0.9921612540963004
"[4, 6, 1, 0]",0.0,-0.20730725612011341
"[3, 5, 1, 1]",0.0,-0.24003175759691056
"[2, 4, 1, 2]",0.0,-0.31584633267152906
"[1, 3, 1, 3]",-0.09864187559942234,-0.4638181026840712
"[0, 2, 0, 0]",0.0,-0.11342285664340374
"[8, 3, 1, 0]",0.0,-0.19070268931967696
"[7, 2, 1, 1]",0.0,-0.19070268931967696
"[6, 1, 1, 2]",0.0,-0.3559130283398675
"[5, 8, 0, 1]",0.0,-0.21845946415881853
"[4, 7, 0, 2]",0.0,-0.5293519087440223
"[3, 6, 0, 3]",-0.1890222270290688,-0.47484595938822566
"[2, 5, 1, 0]",0.0,-0.24497109679258633
"[1, 4, 1, 1]",0.0,-0.24497109679258633
"[1, 8, 1, 1]",0.0,-0.473179882054939
"[7, 4, 0, 3]",-0.4307293651836932,-0.6031393520065189
"[6, 3, 1, 0]",0.0,-0.4307293651836932
"[5, 2, 1, 1]",0.0,-0.5207293651836932
"[4, 1, 1, 2]",0.0,-0.7005659590735261
"[6, 8, 0, 0]",0.0,-0.2694673703020306
"[5, 7, 0, 1]",0.0,-0.3581377258364308
"[4, 6, 0, 2]",0.0,-0.7013383249466723
"[1, 3, 1, 0]",0.0,-0.06856479348767301
"[8, 5, 0, 2]",0.0,-1.045986215756473
"[2, 5, 0, 0]",0.0,-0.21416746313552265
"[1, 4, 0, 1]",0.0,-0.3562386253935603
"[0, 3, 0, 2]",0.0,-0.6075032448730086
"[5, 8, 1, 2]",0.0,-0.4376229004116717
"[4, 7, 1, 3]",-0.004710128697246244,-0.18441441
"[8, 1, 1, 3]",0.0,-0.3665880546964898
"[7, 0, 0, 0]",0.0,-0.999140495544283
"[5, 8, 1, 1]",0.0,-0.5767622495965579
"[4, 7, 1, 2]",0.0,-0.7049125281237713
"[3, 6, 1, 3]",-0.0761237126907729,-0.28403175057333974
"[6, 4, 1, 3]",0.0,-0.006076162903898822
"[5, 3, 0, 0]",0.0,-0.5418548359621816
"[4, 2, 0, 1]",0.0,-0.5822319421653147
"[3, 1, 0, 2]",0.0,-1.5823521280013209
"[4, 2, 1, 0]",0.0,-0.2696128896388871
"[3, 1, 1, 1]",0.0,-0.26962333920652026
"[7, 2, 1, 3]",-0.0001617309269922988,-0.23431341450524984
"[6, 1, 1, 3]",-0.007298758684917442,-0.23665906154318303
"[7, 2, 1, 0]",0.0,-0.1465962730702163
"[6, 1, 1, 1]",0.0,-0.1465962730702163
"[7, 8, 0, 2]",0.0,-0.7371885786001304
"[5, 6, 0, 3]",-0.3245318537652345,-0.5093107436241068
"[2, 3, 1, 0]",0.0,-0.3546689494680777
"[1, 2, 1, 1]",0.0,-0.3656108483812289
"[6, 1, 0, 0]",0.0,-0.21940921159119942
"[5, 0, 0, 1]",0.0,-0.9999734386011123
"[4, 1, 0, 2]",0.0,-1.6083850649291584
"[8, 1, 1, 0]",0.0,-0.10804635779301267
"[2, 8, 0, 2]",0.0,-0.10798043580080555
"[4, 7, 0, 3]",-0.11820448731597959,-0.2786631305049961
"[8, 2, 0, 1]",0.0,-0.5461710986290848
"[7, 1, 0, 2]",0.0,-1.5551341119372846
"[8, 3, 1, 2]",0.0,-0.06033848710652087
"[5, 0, 0, 0]",0.0,-0.9999382963480827
"[5, 3, 1, 0]",0.0,-0.30593659347694513
"[4, 2, 1, 1]",0.0,-0.30944380615417605
"[3, 1, 1, 2]",0.0,-0.5087632811866247
"[8, 4, 1, 3]",0.0,-0.09
"[4, 5, 1, 0]",0.0,-0.331824915759682
"[3, 4, 1, 1]",0.0,-0.34658201891760265
"[2, 3, 1, 2]",0.0,-0.4635900363689621
"[8, 6, 1, 3]",0.0,-0.15561
"[7, 8, 0, 1]",0.0,-0.26956040607966
"[6, 7, 0, 2]",0.0,-0.608695793233489
"[6, 8, 1, 3]",0.0,-0.171
"[5, 7, 0, 0]",0.0,-0.37942935075843603
"[4, 6, 0, 1]",0.0,-0.3772381328016627
"[3, 5, 0, 2]",0.0,-0.5122401802309122
"[3, 4, 1, 0]",0.0,-0.48360604186183653
"[2, 3, 1, 1]",0.0,-0.538614711738755
"[1, 2, 1, 2]",0.0,-1.465068238238944
"[8, 4, 0, 2]",0.0,-0.8815542445263533
"[6, 8, 1, 0]",0.0,-0.10250315550499325
"[5, 7, 1, 1]",0.0,-0.10250315550499325
"[4, 6, 1, 2]",0.0,-0.23521675740910902
"[2, 4, 1, 3]",-0.15365184553661843,-0.21373952039468835
"[1, 4, 1, 0]",0.0,-0.354879644830255
"[7, 4, 0, 0]",0.0,-0.3784376883422363
"[6, 3, 0, 1]",0.0,-0.4967230760117895
"[5, 2, 0, 2]",0.0,-1.1580915745438032
"[7, 5, 0, 2]",0.0,-0.950648546437449
"[5, 4, 0, 1]",0.0,-0.34454644509329013
"[4, 3, 0, 2]",0.0,-0.6054592079644503
"[3, 2, 0, 3]",-0.220282079496885,-0.562956203776265
"[5, 8, 1, 3]",0.0,-0.092262969
"[4, 7, 0, 0]",0.0,-0.25314706463444614
"[3, 6, 0, 1]",0.0,-0.25512269419670425
"[2, 5, 0, 2]",0.0,-0.5599028675221016
"[6, 5, 0, 0]",0.0,-0.26349758211636176
"[2, 1, 1, 0]",0.0,-0.263328800496885
"[6, 8, 1, 2]",0.0,-0.1929221331608989
"[5, 7, 1, 3]",0.0,-0.0724911096271577
"[7, 1, 0, 0]",0.0,-0.6513659218764154
"[6, 0, 0, 1]",0.0,-0.9999672081495214
"[8, 6, 0, 1]",0.0,-0.6103161025909061
"[1, 1, 0, 3]",-0.8499053647030008,-0.8479883147883478
"[0, 0, 0, 3]",-0.794108867905351,-0.8571369487880485
"[8, 2, 1, 3]",-0.07312185312344623,-0.13634317867476692
"[6, 8, 0, 2]",0.0,-0.4131755959476321
"[4, 2, 0, 0]",0.0,-0.2436247130580523
"[3, 1, 0, 1]",0.0,-0.3152306441528759
"[2, 0, 0, 2]",0.0,-1.3041927618579505
"[8, 6, 1, 1]",0.0,0.0
"[7, 5, 1, 2]",0.0,0.0
"[4, 6, 0, 0]",0.0,-0.5699697074607547
"[3, 5, 0, 1]",0.0,-0.6452451155865654
"[2, 4, 0, 2]",0.0,-0.8562520133478925
"[8, 7, 1, 2]",0.0,-0.3974290645243704
"[7, 6, 1, 3]",0.0,-0.081
"[6, 5, 1, 3]",0.0,0.0
"[6, 3, 0, 0]",0.0,-0.4028349162626002
"[5, 2, 0, 1]",0.0,-0.5144147993494361
"[8, 6, 0, 0]",0.0,-0.4683124282429186
"[7, 5, 0, 1]",0.0,-0.5178030685013307
"[6, 4, 0, 2]",0.0,-0.843531464764528
"[1, 8, 1, 2]",0.0,-1.4996862170485703
"[7, 8, 1, 3]",0.0,-0.1
"[6, 7, 0, 0]",0.0,-0.3314914465651312
"[5, 6, 0, 1]",0.0,-0.4069170965996931
"[4, 5, 0, 2]",0.0,-0.6923105452917195
"[8, 3, 1, 1]",0.0,-0.22333722328112993
"[7, 2, 1, 2]",0.0,-0.24821834085311714
"[5, 8, 0, 2]",0.0,-0.2333611080764723
"[3, 6, 1, 0]",0.0,-0.11940173883423578
"[2, 5, 1, 1]",0.0,-0.15117485974802464
"[1, 4, 1, 2]",0.0,-1.162777592113789
"[4, 3, 0, 0]",0.0,-0.21102935225813985
"[3, 2, 0, 1]",0.0,-0.22089131503988021
"[2, 1, 0, 2]",0.0,-1.300505823457767
"[8, 5, 1, 2]",0.0,-0.12240971789229001
"[7, 4, 1, 3]",0.0,-0.1
"[8, 3, 0, 0]",0.0,-0.12136056939937909
"[7, 2, 0, 1]",0.0,-0.1651234753970851
"[3, 4, 0, 0]",0.0,-0.18777280104397603
"[2, 3, 0, 1]",0.0,-0.24058858845542902
"[1, 2, 0, 2]",0.0,-1.1385333461448535
"[7, 8, 1, 0]",0.0,0.0
"[6, 7, 1, 1]",0.0,0.0
"[5, 6, 1, 2]",0.0,-0.035832946025740074
"[1, 7, 1, 0]",0.0,-0.05354406300147213
"[1, 1, 0, 1]",0.0,-0.19
"[0, 0, 0, 2]",0.0,-0.22867896602706453
"[5, 8, 0, 3]",-0.13930694796039317,-0.2792526398728993
"[4, 7, 1, 0]",0.0,-0.23457554591618038
"[3, 6, 1, 1]",0.0,-0.23457554591618038
"[2, 5, 1, 2]",0.0,-0.38731427031071997
"[8, 5, 1, 3]",0.0,-0.1
"[8, 7, 1, 1]",0.0,0.0
"[7, 6, 1, 2]",0.0,0.0
"[5, 7, 1, 0]",0.0,-0.10094189891315124
"[4, 6, 1, 1]",0.0,-0.12833503892132217
"[3, 5, 1, 2]",0.0,-0.266370865298418
"[8, 7, 0, 3]",-0.09690103823256362,-0.32597225996961976
"[7, 6, 1, 0]",0.0,-0.09968232212700054
"[6, 5, 1, 1]",0.0,-0.09968232212700054
"[5, 4, 1, 2]",0.0,-0.16891479114375937
"[1, 1, 0, 2]",0.0,-1.2118629557969387
