"[9, 9, 0, 0]",-0.09763769351313896,-0.7680529219648375
"[9, 9, 0, 1]",-0.1227074598331101,-0.7174516899112766
"[9, 9, 0, 2]",-0.11703132887641232,-0.7754186859017242
"[9, 9, 0, 3]",-0.7481022326067746,-0.7837814451098769
"[9, 9, 1, 0]",-0.12415002170190248,-0.8102908040616608
"[9, 9, 1, 1]",-0.06241624813765717,-0.7812241764839517
"[9, 9, 1, 2]",0.0,-0.8478097430350884
"[9, 9, 1, 3]",-0.751399188342228,-0.9351618819837051
"[8, 9, 0, 0]",-0.02580823456844318,-1.9893146072709516
"[7, 9, 0, 1]",0.0,-2.195874066912182
"[6, 9, 0, 2]",0.0,-2.4033356812538704
"[5, 9, 0, 3]",-1.9666089323835092,-2.5813508713161446
"[4, 9, 0, 3]",-2.6453775631218464,-3.21294100387493
"[3, 9, 1, 0]",0.0,-2.9708357096574414
"[2, 8, 1, 1]",-0.07244183784411182,-4.083250889528511
"[1, 7, 1, 2]",0.0,-4.644160574268819
"[0, 6, 1, 3]",-2.403508052667968,-5.034992309191654
"[0, 5, 1, 3]",-3.1960815671068423,-5.635757555787987
"[0, 4, 1, 3]",-3.866721821467955,-6.40090447808148
"[0, 3, 1, 3]",-4.761679061412012,-6.462679146407531
"[0, 2, 1, 3]",-5.632366501341473,-6.768906516158166
"[0, 1, 1, 3]",-6.576288857568176,-5.860631487823179
"[0, 0, 1, 3]",-6.426752425906094,-4.46112585962414
"[0, 0, 0, 0]",-1.187426000976925,-5.973437994457194
"[9, 0, 0, 1]",-0.3500181125445515,-4.855023572115153
"[9, 0, 0, 2]",-0.7527551411251245,-4.398233031855895
"[8, 0, 0, 3]",-1.9258356219976822,-3.8828009907487955
"[7, 0, 0, 3]",-2.226200646557595,-4.145170252425796
"[6, 0, 0, 3]",-2.404700721352332,-4.308122672092847
"[5, 0, 0, 3]",-3.0167851583861105,-5.484118570505608
"[4, 0, 0, 3]",-4.120459754729787,-6.09770187085949
"[3, 0, 0, 3]",-4.889520959289345,-6.635753030962166
"[2, 0, 1, 0]",-0.5169540456317055,-4.218855439147534
"[1, 9, 1, 1]",0.0,-4.128960367270316
"[0, 9, 1, 2]",-0.7135838498789742,-4.622018140261737
"[0, 8, 1, 3]",-2.123972770203961,-3.9121278980039627
"[0, 7, 1, 3]",-2.183408517232012,-4.388188762047925
"[0, 2, 0, 0]",-0.529505723944882,-4.295969485649061
"[0, 1, 0, 1]",0.0,-4.569882023980599
"[9, 0, 0, 3]",-2.3556832032139967,-4.151129760918402
"[9, 0, 1, 0]",-1.6219236593726505,-1.318487173101686
"[9, 0, 1, 1]",-0.5994349636440779,-1.5157049610474211
"[8, 9, 1, 2]",-0.39313865804312065,-1.4075680604543477
"[7, 9, 1, 3]",-2.3487766015201545,-1.5763193201095977
"[6, 9, 1, 3]",-2.1608094136019007,-1.3444312060962258
"[5, 9, 1, 3]",-2.1028457394071842,-0.9905347327762642
"[4, 9, 0, 0]",0.0,-2.451426986653897
"[3, 9, 0, 1]",0.0,-2.865182545090484
"[2, 9, 0, 2]",0.0,-2.9343839976858903
"[1, 9, 0, 3]",-5.206150212197506,-3.493361353200671
"[0, 8, 0, 3]",-6.556404744390697,-2.4655016342678775
"[0, 7, 1, 0]",0.0,-7.278399712888722
"[0, 6, 1, 1]",0.0,-6.824796066413862
"[0, 5, 1, 2]",0.0,-6.549654220467884
"[0, 1, 0, 0]",0.0,-5.213119488872351
"[0, 0, 0, 1]",-0.6610436013079498,-5.523241096581163
"[0, 0, 0, 2]",-0.5428197537411226,-5.1619526218352565
"[9, 1, 1, 1]",0.0,-1.359088052539863
"[9, 0, 1, 2]",-0.504625533809171,-1.61607081581475
"[8, 9, 1, 3]",-2.1214374613263933,-1.8974159755644386
"[7, 9, 0, 0]",-0.05968244466605356,-2.3674139632540503
"[6, 9, 0, 1]",0.0,-2.635267449667297
"[5, 9, 0, 2]",0.0,-2.8955418742901076
"[3, 9, 0, 3]",-3.4475093203198046,-3.754668943346694
"[2, 9, 0, 3]",-4.20543590649782,-3.3890044309500755
"[1, 9, 1, 0]",0.0,-4.604943724223801
"[0, 8, 1, 1]",-0.1860399576627273,-5.98912600477231
"[0, 7, 1, 2]",0.0,-5.619742599921697
"[0, 3, 0, 0]",0.0,-2.9602512772775804
"[0, 2, 0, 1]",-0.20284291939763377,-3.413768687228825
"[6, 1, 0, 2]",0.0,-4.813649886228401
"[2, 0, 0, 3]",-5.693812188769051,-6.704847754453183
"[1, 0, 0, 3]",-6.499645723052608,-6.056692056332014
"[0, 0, 1, 0]",0.0,-6.124337754377502
"[0, 2, 1, 1]",-0.5480710416839404,-5.590178805156281
"[0, 1, 1, 2]",0.0,-5.162188616009205
"[0, 9, 1, 3]",-2.517877133695882,-4.025686366926939
"[0, 9, 0, 0]",-0.9420798851269028,-1.494758701660847
"[0, 9, 0, 1]",-1.2839174325875693,-1.5657546243896994
"[9, 8, 0, 3]",-1.91609381899191,-1.6933700857957061
"[9, 7, 1, 0]",0.0,-2.3099633155525963
"[9, 6, 1, 1]",0.0,-2.6200808158059603
"[9, 5, 1, 2]",0.0,-3.0530733621440724
"[9, 4, 1, 3]",-2.512373101205605,-3.223656141933542
"[9, 3, 1, 3]",-3.3858587795636637,-3.675817492297371
"[9, 2, 0, 0]",0.0,-3.590923234761461
"[9, 1, 0, 1]",0.0,-4.010767381719932
"[9, 2, 1, 3]",-4.058974392564079,-3.8066948445894626
"[9, 1, 1, 3]",-5.106519747927619,-3.175700013757434
"[9, 0, 1, 3]",-5.080224070534338,-1.1974938631399108
"[9, 0, 0, 0]",-0.16989273044521888,-5.507963804343177
"[4, 9, 1, 3]",-1.118286340135692,-1.1063941917100955
"[3, 9, 1, 3]",-1.254619170247707,-1.2801425843603866
"[2, 9, 1, 3]",-1.3287854592619397,-1.4079470426733176
"[1, 9, 0, 0]",0.0,-1.505060551548078
"[8, 9, 1, 1]",-0.1124767628552266,-1.0093795999175483
"[7, 9, 1, 2]",-0.2270581108125916,-1.1164112833244038
"[6, 8, 1, 3]",-1.6266486215495464,-1.459251066570328
"[5, 7, 1, 3]",-1.930946455648353,-1.856660754730219
"[4, 6, 1, 3]",-1.359924218004538,-2.604578540824172
"[3, 5, 1, 3]",-1.899264424471626,-3.13923374089292
"[2, 4, 1, 3]",-2.8121000400110434,-4.289233062051045
"[1, 3, 1, 3]",-3.6780286973716274,-5.395409264188857
"[2, 9, 1, 1]",0.0,-3.075754279534853
"[1, 9, 1, 2]",0.0,-3.4944535281822047
"[1, 9, 0, 1]",0.0,-1.6084071827871724
"[0, 9, 0, 2]",-1.304852534731528,-1.4810505457388665
"[4, 8, 0, 3]",-3.7211526278112528,-3.858192028798371
"[3, 7, 0, 3]",-4.761262641070752,-4.693094966796659
"[2, 6, 0, 3]",-5.887124891362394,-4.119705006322691
"[1, 5, 1, 0]",0.0,-6.5988905278653425
"[0, 4, 1, 1]",0.0,-7.276935338020612
"[0, 3, 1, 2]",0.0,-6.922093094712924
"[7, 0, 1, 0]",-0.3665723581792499,-0.9669167338041638
"[6, 8, 1, 1]",0.0,-1.5733435770674349
"[5, 7, 1, 2]",0.0,-1.949264882821088
"[2, 4, 0, 0]",0.0,-2.079080731248771
"[1, 3, 0, 1]",0.0,-2.3322959094568207
"[0, 2, 0, 2]",-1.0010803961556822,-2.5824676292292685
"[5, 1, 0, 3]",-2.0132209623877775,-4.632020641836474
"[3, 0, 1, 0]",0.0,-3.2290324933291648
"[9, 8, 0, 0]",-0.31291224730057643,-0.6259516913802756
"[9, 7, 0, 1]",0.0,-0.7811396228583769
"[9, 6, 0, 2]",0.0,-0.8073038956544074
"[9, 5, 0, 3]",-2.1586240484299477,-0.9173863907840194
"[9, 4, 0, 3]",-0.985136439416068,-1.1175639804246775
"[9, 3, 0, 3]",-1.1414525507559745,-1.2721783394296513
"[9, 2, 1, 0]",-0.41056942854972545,-1.2694448351137333
"[4, 0, 1, 0]",0.0,-2.2959679370210915
"[3, 0, 1, 1]",0.0,-2.5576623094328212
"[2, 9, 1, 2]",-0.16677799948143937,-2.3150593872604324
"[1, 9, 1, 3]",-1.238259375164139,-2.873339399467798
"[5, 9, 0, 1]",0.0,-3.091515887954728
"[4, 9, 0, 2]",0.0,-3.326273233465639
"[9, 7, 0, 3]",-2.4986311744493217,-1.3729031725213083
"[9, 6, 0, 3]",-2.5415299728933296,-1.201870056646686
"[9, 4, 1, 0]",0.0,-2.4709696132263983
"[9, 3, 1, 1]",0.0,-2.8253149729513214
"[8, 2, 1, 2]",0.0,-3.169390877046389
"[7, 1, 1, 3]",-6.857941347260681,-3.897651960372638
"[6, 0, 1, 3]",-6.921359258979917,-2.1450992754473956
"[5, 0, 0, 0]",0.0,-7.623922828936886
"[4, 0, 0, 1]",0.0,-7.2824821833322435
"[3, 0, 0, 2]",0.0,-6.945827015451976
"[0, 9, 1, 1]",-0.12899217877841063,-5.101189872217192
"[0, 4, 0, 0]",0.0,-2.3690958363928116
"[7, 3, 0, 1]",0.0,-3.7849904905933376
"[6, 2, 0, 2]",0.0,-4.2063900592751775
"[2, 4, 1, 1]",0.0,-5.4036003596923115
"[1, 3, 1, 2]",0.0,-6.001435218088623
"[9, 4, 1, 1]",0.0,-3.2759986785301374
"[9, 3, 1, 2]",0.0,-3.6023135974582994
"[8, 0, 1, 0]",-0.960906773193613,-1.0490115249478145
"[7, 9, 1, 1]",0.0,-0.7980510010677421
"[6, 9, 1, 2]",0.0,-0.8857905334258468
"[4, 8, 1, 3]",-0.5235278917478063,-1.1825435186715278
"[3, 7, 0, 0]",0.0,-0.7451078594585423
"[2, 6, 0, 1]",0.0,-0.9823218635060018
"[1, 5, 0, 2]",0.0,-1.2743231087345113
"[0, 4, 0, 3]",-5.281954515254471,-1.5797893822634876
"[9, 2, 0, 3]",-1.2329129388551192,-1.777267483788819
"[9, 1, 1, 0]",0.0,-1.3250453289486017
"[9, 1, 0, 0]",0.0,-4.430201463128055
"[6, 0, 1, 1]",0.0,-1.3491575799762097
"[5, 9, 1, 2]",0.0,-1.0169649768698206
"[2, 8, 1, 3]",-0.8258521679620853,-2.231226581494258
"[1, 7, 0, 0]",0.0,-0.9278161865343482
"[0, 6, 0, 1]",0.0,-1.2257614155674172
"[7, 5, 0, 2]",0.0,-1.9564365900873242
"[6, 4, 0, 3]",-1.248518062897266,-2.2837079910130527
"[5, 3, 0, 3]",-2.0582310892204148,-3.0154846859052937
"[4, 2, 1, 0]",0.0,-2.3491938766300624
"[3, 1, 1, 1]",0.0,-2.657837245542704
"[2, 0, 1, 2]",0.0,-2.7341434453848663
"[1, 6, 1, 3]",-1.2629945580909523,-3.8706514566061903
"[9, 3, 0, 1]",0.0,-2.24526755087811
"[9, 2, 0, 2]",0.0,-2.4011410649904406
"[9, 1, 0, 3]",-1.1196612714040979,-2.6028341189559954
"[9, 2, 1, 1]",-0.7328508693049283,-1.3018653498434873
"[9, 1, 1, 2]",0.0,-1.421002723479823
"[9, 8, 1, 3]",-0.7472687579427982,-1.078103165395197
"[9, 7, 0, 0]",0.0,-0.8252701006696934
"[9, 6, 0, 1]",0.0,-0.8743524572573175
"[9, 5, 0, 2]",0.0,-0.9786768888857327
"[8, 2, 0, 3]",-0.8641554281494076,-2.399556671219092
"[7, 1, 0, 3]",-1.1043305187213657,-3.050696594036452
"[6, 0, 1, 0]",0.0,-1.1957174422824706
"[5, 9, 1, 1]",0.0,-1.0593343478299826
"[4, 9, 1, 2]",0.0,-1.1847107437767543
"[9, 8, 1, 2]",0.0,-1.3600577220526757
"[9, 7, 1, 3]",-0.9574255635104715,-1.5282377848501352
"[9, 6, 1, 3]",-1.1679230214925223,-2.039212857218866
"[9, 5, 0, 0]",0.0,-1.2575310021268926
"[9, 4, 0, 1]",0.0,-1.4479959063103092
"[9, 3, 0, 2]",0.0,-1.7044350131163197
"[9, 6, 0, 0]",0.0,-0.9825611587051237
"[9, 5, 0, 1]",0.0,-1.0552949613705436
"[9, 4, 0, 2]",0.0,-1.1697482082898127
"[8, 7, 1, 1]",-0.08343736004393493,-0.5883799699618596
"[7, 6, 1, 2]",0.0,-1.1962018986833003
"[6, 5, 1, 3]",-2.2353980920113012,-1.8411359878283309
"[5, 4, 1, 3]",-1.735056681880431,-3.1059719839331694
"[4, 3, 0, 0]",0.0,-3.0959316328770283
"[3, 2, 0, 1]",0.0,-4.566405062766845
"[2, 1, 0, 2]",0.0,-5.395374837057652
"[0, 0, 0, 3]",-6.657595295973729,-4.589669456817293
"[3, 8, 1, 0]",0.0,-2.2428943886494044
"[2, 7, 1, 1]",0.0,-3.876454846994572
"[1, 6, 1, 2]",0.0,-4.861089152477227
"[4, 2, 0, 1]",0.0,-5.431446795716819
"[3, 1, 0, 2]",0.0,-5.981260923557908
"[5, 9, 0, 0]",0.0,-2.8085027548279204
"[4, 9, 0, 1]",0.0,-3.1440650068991847
"[3, 9, 0, 2]",0.0,-3.3248366819452917
"[2, 8, 0, 3]",-5.617360428518597,-4.497034717404244
"[1, 7, 0, 3]",-6.774681723895545,-3.5775461775973616
"[0, 6, 0, 3]",-6.8289269748721955,-1.472062837029957
"[0, 5, 1, 0]",0.0,-7.590402115955682
"[5, 8, 0, 2]",0.0,-3.3039909895821546
"[4, 7, 0, 3]",-3.80591488342126,-3.586461710290103
"[3, 6, 0, 3]",-4.9857412703457715,-3.5815735827407065
"[2, 5, 1, 0]",0.0,-5.634312048703959
"[1, 4, 1, 1]",0.0,-6.305670656795902
"[8, 0, 0, 2]",-0.15588405468648647,-4.873078321905522
"[2, 0, 1, 1]",-1.4540468503461594,-3.531484686027414
"[6, 9, 0, 3]",-1.2304765374658435,-2.2481655428493625
"[4, 9, 1, 0]",0.0,-2.038369842700045
"[3, 9, 1, 1]",0.0,-2.1565784205653102
"[8, 9, 0, 2]",0.0,-1.461255162771094
"[7, 9, 0, 3]",-0.933965252186591,-1.7355558160305713
"[5, 9, 1, 0]",0.0,-1.3572500902277247
"[4, 9, 1, 1]",0.0,-1.4526965693254252
"[3, 9, 1, 2]",0.0,-1.604961414886293
"[1, 8, 1, 3]",-0.8312987748886466,-2.7588546859286627
"[0, 6, 0, 0]",0.0,-1.2226738643105461
"[8, 1, 0, 3]",-0.8081430856604765,-2.8347145721262437
"[5, 7, 1, 1]",0.0,-2.4251191760166773
"[4, 6, 1, 2]",0.0,-2.82217274669043
"[1, 3, 0, 0]",0.0,-3.069873800010579
"[9, 1, 0, 2]",0.0,-3.3246514470824047
"[0, 8, 0, 0]",0.0,-1.0762434644468637
"[5, 7, 0, 1]",0.0,-2.8911210090768633
"[4, 6, 0, 2]",0.0,-3.375169726173576
"[3, 5, 0, 3]",-4.542781689580912,-3.8568571356939736
"[2, 4, 0, 3]",-4.37138511741563,-3.966165249750429
"[1, 3, 1, 0]",0.0,-4.905417368175408
"[8, 5, 0, 1]",0.0,-1.3956226904747806
"[7, 4, 0, 2]",0.0,-1.996761315001842
"[6, 3, 0, 3]",-1.161163606321967,-2.5195149935826717
"[5, 2, 0, 3]",-2.0102215963626833,-3.5476410286045237
"[4, 1, 1, 0]",0.0,-2.2834725806493297
"[8, 9, 0, 3]",-0.7150651529018032,-1.0477241985474497
"[6, 9, 1, 0]",0.0,-1.0031402944684327
"[9, 5, 1, 3]",-1.878089057474478,-2.7944492142296835
"[9, 4, 0, 0]",0.0,-2.063387647099205
"[8, 2, 0, 2]",-0.024068878010906507,-2.818045856133833
"[2, 8, 1, 2]",-0.009441083834150573,-3.05491788034504
"[1, 7, 1, 3]",-1.1250083125356272,-3.6877327802853364
"[9, 4, 1, 2]",0.0,-3.377999730586986
"[7, 5, 1, 1]",0.0,-2.5816993846576466
"[6, 4, 1, 2]",0.0,-3.2855829156151772
"[5, 3, 1, 3]",-4.569157064453176,-3.7292422687161926
"[4, 2, 1, 3]",-4.415645423309361,-3.8286633763052382
"[3, 1, 1, 3]",-5.492274538905366,-4.119410918257293
"[2, 0, 0, 0]",-1.0499171369326437,-6.134964648144209
"[1, 0, 0, 1]",0.0,-5.606787148811738
"[0, 5, 0, 0]",0.0,-1.4781664389223081
"[3, 7, 1, 3]",-0.9704612890336227,-1.7352184513108369
"[2, 6, 0, 0]",0.0,-1.1917561084568655
"[1, 5, 0, 1]",0.0,-1.3686870333801702
"[0, 4, 0, 2]",0.0,-1.5542205651888066
"[0, 9, 0, 3]",-5.06286759906093,-1.589425516582088
"[6, 9, 0, 0]",0.0,-2.6656818161407605
"[6, 0, 0, 1]",0.0,-7.1346419689869816
"[5, 0, 0, 2]",0.0,-6.761815791278005
"[1, 0, 1, 1]",0.0,-4.823573849475084
"[0, 0, 1, 2]",-0.6658899678364315,-5.612588309141766
"[0, 9, 1, 0]",-0.5142971533985062,-5.6729624720609815
"[3, 9, 0, 0]",0.0,-1.2797969227413535
"[2, 8, 0, 1]",0.0,-1.314287093807991
"[1, 7, 0, 2]",0.0,-1.5043709985344058
"[7, 0, 1, 1]",0.0,-1.4492533287616263
"[9, 8, 1, 0]",-0.09271501356918158,-1.8138408200594656
"[9, 7, 1, 1]",0.0,-2.1439042984426187
"[9, 6, 1, 2]",0.0,-2.336421291564426
"[9, 3, 0, 0]",0.0,-2.915186824825814
"[9, 2, 0, 1]",0.0,-3.013781036553338
"[9, 5, 1, 1]",0.0,-3.058961380182595
"[5, 0, 1, 0]",0.0,-1.7518898396910163
"[4, 6, 1, 1]",0.0,-3.445390786233566
"[3, 5, 1, 2]",0.0,-3.897565485560185
"[4, 0, 1, 1]",0.0,-1.6972764922713528
"[3, 1, 1, 2]",0.0,-1.640961431777927
"[2, 0, 1, 3]",-5.505543504889637,-1.959856062004689
"[3, 8, 0, 1]",0.0,-1.2330761059681752
"[2, 7, 0, 2]",-0.4477735256838476,-2.135119366298003
"[1, 6, 0, 3]",-6.579340131187412,-3.4899346344629856
"[0, 5, 0, 3]",-6.124831076887446,-1.4323961646111834
"[3, 4, 0, 3]",-3.0138040349511828,-3.283868895959473
"[2, 3, 0, 3]",-3.9962691803334476,-4.199440412758121
"[1, 2, 0, 3]",-5.357604241801599,-3.7834931251416073
"[0, 1, 1, 0]",0.0,-6.094614892937931
"[0, 0, 1, 1]",-0.5926685913445646,-5.625161633260518
"[9, 8, 0, 1]",-0.17814209305682946,-1.0360437465676928
"[9, 7, 0, 2]",0.0,-1.1213531128712761
"[9, 2, 1, 2]",-0.7878781822363392,-2.997676973295363
"[7, 9, 0, 2]",0.0,-2.085331453856434
"[8, 1, 1, 3]",-6.478099044093787,-3.518781858467249
"[7, 0, 1, 3]",-6.803444377930453,-2.301949468534191
"[6, 0, 0, 0]",0.0,-7.598947214740956
"[5, 0, 0, 1]",0.0,-7.269648027239226
"[4, 0, 0, 2]",0.0,-6.918037982975787
"[1, 0, 1, 0]",0.0,-4.983706295442477
"[8, 9, 0, 1]",-0.05906873691036278,-1.7581579561034402
"[2, 6, 1, 0]",0.0,-5.583546684838378
"[1, 5, 1, 1]",0.0,-6.209639484564761
"[0, 4, 1, 2]",0.0,-6.775776050314499
"[0, 8, 1, 2]",0.0,-5.08055183674987
"[3, 0, 0, 1]",0.0,-6.825495309981029
"[2, 0, 0, 2]",-0.5773687925082921,-6.412946025101708
"[8, 0, 1, 1]",0.0,-1.3353870791474138
"[7, 5, 1, 2]",0.0,-3.0229349644676717
"[6, 4, 1, 3]",-4.2594211079593,-3.721889511449338
"[4, 2, 0, 0]",0.0,-5.2460871548810495
"[3, 1, 0, 1]",0.0,-5.852888151319713
"[9, 6, 1, 0]",0.0,-2.783674898083949
"[8, 4, 1, 2]",0.0,-4.220078308722242
"[7, 3, 1, 3]",-4.962166062505217,-4.511647478019466
"[6, 2, 1, 3]",-6.042877299689188,-4.83628873888851
"[5, 1, 1, 3]",-6.463226982210184,-3.3673906302299867
"[4, 0, 1, 3]",-5.340785733854585,-1.2111604450101048
"[3, 7, 1, 0]",0.0,-4.428177542317172
"[2, 6, 1, 1]",0.0,-5.030802739646393
"[1, 5, 1, 2]",0.0,-5.584483395262682
"[0, 8, 0, 1]",-0.6274990416123656,-1.1917896004856372
"[7, 5, 0, 3]",-1.7063395690088736,-1.6271013124127005
"[6, 4, 1, 0]",0.0,-2.1151343235727236
"[5, 3, 1, 1]",0.0,-2.349729300316611
"[4, 2, 1, 2]",0.0,-2.7592711041583926
"[1, 8, 1, 1]",0.0,-4.99356930410793
"[7, 1, 0, 2]",0.0,-4.374269303066221
"[7, 9, 1, 0]",0.0,-0.8214232611356577
"[6, 9, 1, 1]",0.0,-0.9354603715920184
"[2, 9, 0, 0]",0.0,-1.4192369660809807
"[2, 9, 1, 0]",0.0,-3.6339428011591117
"[9, 8, 0, 2]",-0.3913182800964782,-1.4515055546701738
"[8, 0, 1, 2]",-1.2426959314518524,-1.7279840163445315
"[7, 6, 1, 3]",-0.7298345325903545,-1.3435283105861124
"[4, 3, 1, 3]",-3.247182723685092,-3.7430209718898544
"[3, 2, 1, 3]",-4.262775319563168,-4.354066783851436
"[2, 1, 1, 3]",-5.47759422598802,-3.793591242625208
"[1, 0, 0, 0]",0.0,-6.117258334693742
"[6, 4, 0, 1]",0.0,-3.244520874102066
"[5, 3, 0, 2]",0.0,-3.6249107075244176
"[4, 2, 0, 3]",-2.8610741437145033,-3.9978689401475793
"[3, 1, 0, 3]",-3.729495875445262,-5.506043604611244
"[2, 5, 1, 1]",0.0,-5.316177150320428
"[1, 4, 1, 2]",0.0,-5.865751421758637
"[8, 6, 1, 1]",0.0,-2.166632625875515
"[0, 8, 1, 0]",-0.14090747330926484,-6.750311654607943
"[0, 7, 1, 1]",-0.21058792857706304,-6.357313585176177
"[0, 6, 1, 2]",0.0,-6.061267045715842
"[2, 8, 0, 0]",0.0,-0.9333929100091138
"[1, 7, 0, 1]",0.0,-1.0549488736955117
"[0, 6, 0, 2]",0.0,-1.0472476542052949
"[8, 4, 0, 3]",-0.643468941158675,-1.2292777680035891
"[7, 3, 0, 3]",-1.0100049464914862,-2.0808344724437724
"[6, 2, 1, 0]",0.0,-1.2193866338659416
"[5, 1, 1, 1]",0.0,-1.4258433845549539
"[4, 0, 1, 2]",0.0,-1.5322186933152406
"[1, 0, 1, 3]",-5.44293472394789,-3.3345161530185154
"[9, 5, 1, 0]",0.0,-2.9492043814212905
"[8, 2, 1, 3]",-5.590352130458288,-4.423420397395198
"[4, 1, 0, 3]",-2.8079264483563238,-5.249294877241701
"[5, 8, 0, 3]",-2.294896779504883,-3.144005957045056
"[8, 0, 0, 1]",-0.3415947462423058,-5.875055151946316
"[7, 0, 0, 2]",0.0,-5.315702293993766
"[8, 7, 0, 3]",-0.1688249263086486,-0.2938641756095404
"[7, 6, 0, 3]",-0.3904241904501785,-0.6343975763210019
"[6, 5, 0, 3]",-0.6984437796169943,-1.5767308073261368
"[5, 4, 0, 3]",-0.9283677647926437,-2.1196741735685487
"[4, 3, 0, 3]",-1.9569434723962331,-3.430754044168941
"[3, 2, 1, 0]",0.0,-2.8152874107906394
"[2, 1, 1, 1]",0.0,-3.59492330541532
"[1, 0, 1, 2]",0.0,-4.084078256115864
"[1, 8, 0, 3]",-6.522942933008261,-3.567842491771592
"[0, 7, 0, 3]",-6.815520748013962,-1.8173926382761263
"[8, 0, 1, 3]",-6.528107203975121,-2.9643330412798488
"[7, 0, 0, 0]",0.0,-7.277098262262829
"[7, 8, 1, 3]",-0.12261655179331762,-0.3554998131974647
"[6, 7, 1, 3]",-0.2394232873836148,-0.7762689732005423
"[5, 6, 0, 0]",0.0,-0.8045397167255046
"[4, 5, 0, 1]",0.0,-2.1643443218067593
"[3, 4, 0, 2]",0.0,-3.2555644072479546
"[0, 1, 0, 3]",-5.471076453570628,-3.384351168986478
"[7, 8, 0, 3]",-0.50710927839696,-0.42458924113452895
"[6, 7, 0, 3]",-0.7720076499857706,-1.0551036794221837
"[5, 6, 0, 3]",-1.815058246106965,-1.7373118586079586
"[4, 5, 1, 0]",0.0,-3.0533897717234937
"[3, 4, 1, 1]",0.0,-4.257751132489381
"[2, 3, 1, 2]",0.0,-4.956225476225596
"[1, 2, 1, 3]",-4.488580102520253,-5.661271471885849
"[2, 9, 0, 1]",-0.4125371086733165,-1.5393916400943513
"[1, 9, 0, 2]",0.0,-1.7497360741496348
"[9, 8, 1, 1]",0.0,-1.6449392632956858
"[9, 7, 1, 2]",0.0,-1.8439310079373399
"[8, 2, 0, 1]",0.0,-3.9576680867997878
"[4, 8, 1, 2]",0.0,-1.550620097451613
"[2, 6, 1, 3]",-1.3036879841195876,-3.2896214471367675
"[1, 5, 0, 0]",0.0,-1.491431754210904
"[0, 4, 0, 1]",0.0,-1.6195488786706913
"[8, 2, 0, 0]",0.0,-4.868336125304814
"[7, 1, 0, 1]",0.0,-5.374672278343558
"[6, 0, 0, 2]",0.0,-5.911203717377843
"[5, 8, 1, 2]",0.0,-1.251999390504792
"[4, 7, 1, 3]",-0.7399598598071548,-1.605609000137179
"[3, 6, 1, 3]",-1.236856536372543,-2.260956315696462
"[2, 5, 1, 3]",-1.9389588931423651,-3.4885896342352534
"[1, 4, 1, 3]",-2.765949588003095,-5.223392279101711
"[7, 1, 0, 0]",0.0,-6.204319816607264
"[1, 5, 1, 3]",-2.1133230825100764,-4.712783952380066
"[5, 7, 0, 2]",0.0,-3.047059456425475
"[4, 6, 0, 3]",-4.190598371090548,-3.67999545689232
"[6, 1, 1, 1]",0.0,-1.0581357307173225
"[5, 0, 1, 2]",0.0,-1.2945203401555474
"[3, 8, 1, 3]",-0.2393831215817682,-0.8108173421270674
"[2, 7, 0, 0]",0.0,-0.554293477104401
"[1, 6, 0, 1]",0.0,-1.0524596039583385
"[0, 5, 0, 2]",0.0,-1.4505725992622172
"[8, 3, 0, 3]",-0.37769621837748135,-1.3378280201420747
"[7, 2, 0, 3]",-0.7344918574140878,-2.509497853981002
"[6, 1, 0, 3]",-1.2794798361344546,-3.9538484846026725
"[8, 5, 1, 2]",0.0,-2.3399490738449744
"[7, 4, 1, 3]",-3.2170147167368803,-3.402658579864234
"[6, 3, 1, 3]",-4.388226335616214,-4.127274297494248
"[5, 2, 1, 3]",-5.355944750472946,-3.977411493861857
"[4, 1, 0, 0]",0.0,-6.127761575244824
"[3, 2, 0, 3]",-3.5968772197595587,-4.7062971536355285
"[2, 1, 0, 3]",-4.559030917077174,-5.702389519029865
"[7, 0, 0, 1]",-0.20928262611630416,-6.369203369307294
"[8, 1, 0, 1]",0.0,-4.859320026832187
"[4, 7, 1, 0]",0.0,-3.2240983018308365
"[3, 6, 1, 1]",0.0,-3.9911055102653874
"[2, 5, 1, 2]",0.0,-4.536774340690814
"[8, 6, 0, 1]",0.0,-1.6518307979852485
"[7, 1, 1, 0]",0.0,-0.9962635331060166
"[9, 3, 1, 0]",0.0,-1.1499290185214084
"[8, 6, 1, 3]",-2.4098607317632172,-2.7958539872675465
"[7, 5, 0, 0]",0.0,-2.862760374059354
"[4, 7, 0, 1]",0.0,-2.067022310176552
"[3, 6, 0, 2]",0.0,-2.847818692888579
"[2, 5, 0, 3]",-5.361532076073589,-3.3666478258673114
"[1, 4, 0, 3]",-5.263651847508724,-2.9098229531814126
"[0, 3, 1, 0]",0.0,-5.917905585522576
"[8, 5, 0, 3]",-0.9042163724607151,-0.9212335908710982
"[7, 4, 1, 0]",0.0,-1.5342790205847523
"[6, 3, 1, 1]",0.0,-2.2174171566426724
"[5, 2, 1, 2]",0.0,-2.7098236807709415
"[4, 1, 1, 3]",-5.3264431911229355,-2.954211371121142
"[3, 0, 1, 3]",-5.452581973894893,-1.819541172428437
"[8, 7, 0, 2]",0.0,-0.2237963907200584
"[8, 2, 1, 1]",0.0,-1.3355995145972914
"[7, 1, 1, 2]",0.0,-1.6625090858222964
"[2, 7, 0, 3]",-5.187516195072975,-3.7059418045827863
"[0, 1, 1, 1]",0.0,-5.869215324714652
"[2, 0, 0, 1]",0.0,-5.449562655047923
"[1, 0, 0, 2]",0.0,-5.048152028052473
"[5, 8, 1, 3]",-0.7463149195792008,-0.9556222910769723
"[4, 7, 0, 0]",0.0,-1.3918670947590708
"[3, 6, 0, 1]",0.0,-2.0925174570047553
"[2, 5, 0, 2]",0.0,-2.376198984462475
"[0, 3, 0, 3]",-5.364410981099295,-1.7753600843706252
"[0, 2, 1, 0]",-0.5697346322804036,-6.051251715446944
"[3, 8, 1, 1]",0.0,-2.7488241116561216
"[2, 7, 1, 2]",0.0,-3.3903283836276525
"[8, 4, 1, 1]",0.0,-3.2227951546168083
"[7, 3, 1, 2]",0.0,-3.7544648207016333
"[3, 0, 0, 0]",0.0,-5.88751927381499
"[6, 7, 1, 2]",0.0,-0.564492912819277
"[5, 6, 1, 3]",-1.3084944128260851,-1.1385780156625314
"[4, 5, 1, 3]",-1.276903944489753,-2.134788793401111
"[3, 4, 1, 3]",-1.9229509981985933,-3.6063260683719003
"[2, 3, 0, 0]",0.0,-2.713474661724757
"[1, 2, 0, 1]",0.0,-3.32120633194089
"[0, 1, 0, 2]",0.0,-3.6986586592335446
"[4, 8, 0, 1]",0.0,-2.9088635376231653
"[3, 7, 0, 2]",0.0,-3.4659411034150183
"[1, 5, 0, 3]",-6.3227201079267745,-3.1971266134920455
"[0, 4, 1, 0]",0.0,-7.0827159647164635
"[0, 3, 1, 1]",0.0,-6.804272179318311
"[0, 2, 1, 2]",0.0,-6.354142592023033
"[5, 0, 1, 1]",0.0,-1.2791097880095768
"[2, 8, 0, 2]",-0.5566237006502534,-3.6844564901712187
"[4, 8, 0, 0]",0.0,-1.6846026075860854
"[3, 7, 0, 1]",0.0,-2.246631333376135
"[2, 6, 0, 2]",0.0,-2.6561341793477644
"[4, 8, 0, 2]",0.0,-3.9086246869728547
"[8, 9, 1, 0]",-0.20026952422655395,-0.6905745395999512
"[8, 4, 1, 3]",-3.7450413773443696,-4.322176072928535
"[7, 3, 0, 0]",0.0,-4.401860618015338
"[6, 2, 0, 1]",0.0,-5.012359609520031
"[5, 1, 0, 2]",0.0,-5.5724451952900464
"[6, 5, 1, 1]",0.0,-1.9572219803524826
"[5, 4, 1, 2]",0.0,-2.907003630695205
"[2, 1, 0, 0]",0.0,-4.972881099570017
"[7, 1, 1, 1]",0.0,-1.171740610066464
"[6, 0, 1, 2]",0.0,-1.5822488455703447
"[3, 6, 1, 0]",0.0,-4.648392266305326
"[0, 6, 1, 0]",0.0,-7.477294286536036
"[0, 5, 1, 1]",0.0,-7.1312759860011194
"[6, 3, 0, 1]",0.0,-4.04839738565673
"[5, 2, 0, 2]",0.0,-4.58337926867201
"[1, 3, 0, 2]",0.0,-1.9273394063092943
"[0, 2, 0, 3]",-5.4728703988919305,-2.0200981120092556
"[6, 8, 0, 2]",0.0,-2.8192949424119735
"[5, 7, 0, 3]",-3.3350790488374242,-3.4306788681543257
"[3, 5, 1, 0]",0.0,-4.805373777369569
"[7, 5, 1, 3]",-3.283486693240021,-3.503944237027953
"[5, 3, 0, 0]",0.0,-4.871223539758068
"[0, 7, 0, 0]",0.0,-1.0363271754270633
"[6, 4, 0, 0]",0.0,-3.8913570545223966
"[5, 3, 0, 1]",0.0,-4.53734712956045
"[4, 2, 0, 2]",0.0,-5.1093113888420545
"[7, 4, 0, 3]",-0.6752361100479525,-1.6524778334422594
"[3, 5, 0, 1]",0.0,-2.8219638789287864
"[2, 4, 0, 2]",0.0,-3.2186635353863644
"[1, 3, 0, 3]",-5.395488694195553,-3.1363703544545154
"[3, 8, 0, 3]",-3.303446255622655,-3.5667939241773903
"[2, 7, 1, 0]",0.0,-4.824058900381727
"[1, 6, 1, 1]",0.0,-5.886539408014172
"[6, 3, 1, 0]",0.0,-1.0026804261533546
"[5, 2, 1, 1]",0.0,-1.3657446831998832
"[4, 1, 1, 2]",0.0,-1.6292439226997086
"[3, 8, 0, 2]",0.0,-2.796416037996428
"[7, 8, 1, 2]",0.0,-0.3262858711108275
"[4, 5, 0, 0]",0.0,-2.1096360515919166
"[3, 4, 0, 1]",0.0,-2.901421312921421
"[2, 3, 0, 2]",0.0,-3.3100670796052767
"[8, 3, 1, 1]",0.0,-1.901588375080392
"[7, 2, 1, 2]",-0.34393687943384754,-2.8079682447840177
"[6, 1, 1, 3]",-6.750907722938153,-4.156794321379802
"[5, 0, 1, 3]",-6.371426783872058,-1.8517845220759312
"[6, 2, 0, 0]",0.0,-5.664555478103282
"[5, 1, 0, 1]",0.0,-6.317327237696858
"[8, 6, 0, 3]",-2.0638600064048567,-1.254992603431002
"[5, 3, 1, 0]",0.0,-1.3746040330307705
"[4, 2, 1, 1]",0.0,-1.4935408599248552
"[8, 1, 0, 0]",0.0,-5.781535626763821
"[0, 8, 0, 2]",-0.8573745033559809,-1.9258810783003204
"[7, 4, 1, 2]",0.0,-3.301032625716346
"[2, 7, 1, 3]",-0.8215560696675678,-2.2088589823666225
"[1, 6, 0, 0]",0.0,-1.1625500140514777
"[0, 5, 0, 1]",0.0,-1.3281632752080856
"[1, 4, 0, 2]",0.0,-1.487833593435025
"[0, 7, 0, 1]",0.0,-1.0499936690803109
"[8, 6, 0, 2]",0.0,-1.1201015135121621
"[8, 6, 1, 0]",0.0,-1.4202522660166528
"[3, 1, 0, 0]",0.0,-4.927078307332802
"[7, 5, 0, 1]",0.0,-2.4796966264279656
"[6, 4, 0, 2]",0.0,-2.8200368984063426
"[3, 1, 1, 0]",0.0,-3.2103434962506174
"[8, 3, 0, 1]",0.0,-2.638646462362156
"[7, 2, 0, 2]",-0.012337212085925022,-3.372979565257501
"[5, 8, 0, 1]",0.0,-2.2682306039011517
"[4, 7, 0, 2]",0.0,-3.0867604141115494
"[8, 3, 1, 3]",-2.6541294807631237,-3.5126972835120536
"[7, 2, 0, 0]",0.0,-4.428897641028499
"[6, 1, 0, 1]",0.0,-5.805975778150975
"[8, 1, 1, 1]",0.0,-1.4529480201983418
"[7, 0, 1, 2]",-0.6876604556766379,-1.8322048274264824
"[4, 1, 1, 1]",0.0,-1.788851646253692
"[3, 0, 1, 2]",0.0,-2.2426115177708477
"[7, 5, 1, 0]",0.0,-2.6383300155812472
"[6, 4, 1, 1]",0.0,-3.1256696997262376
"[5, 3, 1, 2]",0.0,-3.442032102198003
"[6, 7, 0, 1]",0.0,-0.594450360363748
"[5, 6, 0, 2]",0.0,-1.45638914709169
"[4, 5, 0, 3]",-2.36513121458289,-2.450584980165168
"[2, 3, 1, 0]",0.0,-3.794086013330804
"[1, 2, 1, 1]",0.0,-4.420583294363847
"[1, 4, 0, 0]",0.0,-2.379309975584998
"[0, 3, 0, 1]",0.0,-2.743814192307477
"[2, 4, 1, 0]",0.0,-5.109126985790345
"[1, 3, 1, 1]",0.0,-5.751067648916918
"[6, 8, 0, 1]",0.0,-2.271137327110659
"[3, 4, 0, 0]",0.0,-1.9514835466849505
"[2, 3, 0, 1]",0.0,-2.4760125748359756
"[1, 2, 0, 2]",0.0,-2.744329860753305
"[8, 0, 0, 0]",-0.15422538705998567,-6.763505957277957
"[4, 0, 0, 0]",0.0,-7.211502373461299
"[8, 5, 0, 0]",0.0,-1.9025331330868602
"[7, 4, 0, 1]",0.0,-2.6639886051929818
"[6, 3, 0, 2]",0.0,-3.1660478884460064
"[8, 7, 1, 3]",-0.632410476334078,-0.4816467703903445
"[6, 5, 0, 0]",0.0,-1.7141043551963544
"[5, 4, 0, 1]",0.0,-3.157275394556192
"[4, 3, 0, 2]",0.0,-4.00527280719951
"[1, 4, 0, 1]",0.0,-1.8933935461766511
"[0, 3, 0, 2]",0.0,-2.107254080895031
"[1, 6, 1, 0]",0.0,-6.40420146472441
"[4, 8, 1, 0]",0.0,-3.0574699230217335
"[3, 7, 1, 1]",0.0,-3.54986377017057
"[2, 6, 1, 2]",0.0,-4.06805228126587
"[8, 5, 1, 3]",-2.2016991537056865,-2.3934475469658167
"[6, 3, 0, 0]",0.0,-4.395889470387978
"[5, 2, 0, 1]",0.0,-5.371287581064149
"[4, 1, 0, 2]",0.0,-6.011515883344947
"[5, 6, 1, 0]",0.0,-1.7971975143343233
"[4, 5, 1, 1]",0.0,-3.3459146706284337
"[3, 4, 1, 2]",0.0,-4.073651826823568
"[2, 3, 1, 3]",-3.279882645505334,-4.714314957428383
"[1, 8, 0, 1]",0.0,-1.2647221649484723
"[0, 7, 0, 2]",0.0,-1.6165177389256655
"[4, 7, 1, 2]",0.0,-2.0045720688623203
"[7, 4, 1, 1]",0.0,-2.753742059695059
"[6, 3, 1, 2]",0.0,-3.43459134355353
"[7, 2, 1, 0]",0.0,-0.679285861705825
"[1, 7, 1, 0]",0.0,-6.202969332083817
"[2, 8, 1, 0]",0.0,-4.8888257410634415
"[1, 7, 1, 1]",0.0,-5.384743192874958
"[8, 4, 1, 0]",0.0,-2.120326561357254
"[7, 3, 1, 1]",0.0,-2.5072364727873335
"[6, 2, 1, 2]",0.0,-2.9390365318176848
"[6, 7, 1, 0]",0.0,-1.2137311804514337
"[5, 6, 1, 1]",0.0,-2.270051776536784
"[4, 5, 1, 2]",0.0,-2.947968398335364
"[1, 8, 0, 2]",0.0,-1.8717995848194255
"[8, 3, 1, 2]",0.0,-3.4826692197650053
"[7, 2, 1, 3]",-4.737177514501848,-4.759363672897018
"[2, 4, 0, 1]",0.0,-1.7956137366688698
"[8, 4, 0, 0]",0.0,-3.2359682451984684
"[7, 8, 0, 1]",0.0,-0.2897969588109089
"[6, 7, 0, 2]",0.0,-0.8106471198704677
"[3, 4, 1, 0]",0.0,-3.6234483543147276
"[2, 3, 1, 1]",0.0,-4.715664441005068
"[1, 2, 1, 2]",0.0,-5.34950302338723
"[3, 2, 1, 1]",0.0,-2.481057383513844
"[2, 1, 1, 2]",0.0,-2.87452946866871
"[3, 5, 1, 1]",0.0,-4.522112808585414
"[2, 4, 1, 2]",0.0,-5.045748619008998
"[4, 3, 0, 1]",0.0,-4.394122838141115
"[3, 2, 0, 2]",0.0,-5.065096330011043
"[6, 8, 0, 3]",-2.2627742481744537,-2.8895023718613024
"[4, 6, 1, 0]",0.0,-3.9501109689371883
"[5, 4, 1, 0]",0.0,-1.6261966400541632
"[4, 3, 1, 1]",0.0,-2.7151284361907235
"[3, 2, 1, 2]",0.0,-3.1807667028676825
"[8, 6, 0, 0]",0.0,-1.8358014223241568
"[6, 8, 1, 2]",0.0,-1.254469547301432
"[6, 8, 1, 0]",0.0,-1.5529767734971183
"[8, 1, 1, 2]",0.0,-1.7298845957932387
"[5, 4, 0, 0]",0.0,-3.400315990506551
"[7, 8, 1, 1]",0.0,-0.23239013121119745
"[5, 7, 1, 0]",0.0,-2.8744295969489784
"[8, 4, 0, 2]",0.0,-1.5624785201917448
"[6, 2, 0, 3]",-1.2828480942617306,-2.747623844291042
"[4, 8, 1, 1]",0.0,-2.218818749413174
"[3, 7, 1, 2]",0.0,-2.6153815489595296
"[7, 3, 1, 0]",0.0,-0.8781242404058789
"[6, 2, 1, 1]",0.0,-1.0857085210998454
"[5, 1, 1, 2]",0.0,-1.1955173993793031
"[8, 1, 1, 0]",0.0,-1.068148817583157
"[5, 2, 1, 0]",0.0,-1.4183944517299332
"[5, 6, 0, 1]",0.0,-1.3520781402952369
"[4, 5, 0, 2]",0.0,-2.352424881363997
"[1, 2, 1, 0]",0.0,-4.881595401735399
"[1, 8, 0, 0]",0.0,-0.8686865407514724
"[6, 7, 1, 1]",0.0,-0.3969399340885699
"[5, 6, 1, 2]",0.0,-1.0662799689458013
"[4, 6, 0, 0]",0.0,-2.3846808540075233
"[8, 1, 0, 2]",0.0,-3.955230205900577
"[7, 8, 0, 2]",0.0,-0.39750928495730964
"[6, 7, 0, 0]",0.0,-0.48996595056873593
"[7, 4, 0, 0]",0.0,-3.2277106498852017
"[5, 1, 0, 0]",0.0,-6.7071520737321775
"[7, 6, 1, 1]",0.0,-1.5932150887281424
"[6, 5, 1, 2]",0.0,-2.4453400712258424
"[1, 8, 1, 2]",0.0,-3.933075608231598
"[1, 8, 1, 0]",0.0,-5.668038358832654
"[5, 8, 1, 1]",0.0,-1.513307533123663
"[6, 1, 1, 0]",0.0,-1.065682803827549
"[3, 8, 0, 0]",0.0,-0.44506008037703193
"[2, 7, 0, 1]",0.0,-0.8686741466618664
"[1, 6, 0, 2]",0.0,-1.3038906638185828
"[8, 3, 0, 0]",0.0,-2.2529059155199898
"[7, 2, 0, 1]",-0.05790410755889795,-3.9133585915477944
"[3, 8, 1, 2]",0.0,-1.988669462610479
"[8, 4, 0, 1]",0.0,-2.3653593151328316
"[7, 3, 0, 2]",0.0,-2.741510709310463
"[4, 6, 0, 1]",0.0,-3.180694300241668
"[3, 5, 0, 2]",0.0,-3.635950374472265
"[5, 2, 0, 0]",0.0,-5.540524445306856
"[4, 1, 0, 1]",0.0,-6.3829472491792005
"[8, 2, 1, 0]",0.0,-1.0401900371978412
"[5, 1, 1, 0]",0.0,-1.4647471166461739
"[1, 4, 1, 0]",0.0,-6.080722942234668
"[8, 7, 0, 1]",0.0,-0.3458816354407597
"[7, 6, 0, 2]",0.0,-0.9039727767026517
"[4, 3, 1, 0]",0.0,-1.708112269301473
"[8, 5, 0, 2]",0.0,-1.219876454932863
"[5, 8, 0, 0]",0.0,-0.8441929937928794
"[3, 2, 0, 0]",0.0,-3.891061541822882
"[2, 1, 0, 1]",0.0,-4.4254400804040825
"[5, 8, 1, 0]",0.0,-1.9529900424538789
"[4, 7, 1, 1]",0.0,-2.6386754248295605
"[3, 6, 1, 2]",0.0,-2.9771952107393007
"[8, 5, 1, 1]",0.0,-2.5144064355881697
"[3, 6, 0, 0]",0.0,-1.0507172696476705
"[2, 5, 0, 1]",0.0,-1.3517894613685824
"[7, 8, 1, 0]",0.0,-0.08294925755791528
"[1, 2, 0, 0]",0.0,-3.963191110997321
"[6, 5, 0, 1]",0.0,-2.346963797135808
"[5, 4, 0, 2]",0.0,-3.0403586118561265
"[6, 5, 1, 0]",0.0,-1.1262615239673974
"[5, 4, 1, 1]",0.0,-2.659679744790073
"[4, 3, 1, 2]",0.0,-3.5658486687393003
"[8, 6, 1, 2]",0.0,-2.816128434948037
"[8, 3, 0, 2]",0.0,-1.5611151392432712
"[7, 2, 1, 1]",0.0,-0.4982921659570441
"[6, 1, 1, 2]",0.0,-0.9133208310047414
"[2, 5, 0, 0]",0.0,-1.5716294752909796
"[8, 5, 1, 0]",0.0,-1.8982523472314263
"[2, 1, 1, 0]",0.0,-4.077997662445781
"[7, 6, 1, 0]",0.0,-0.7130185134345978
"[6, 8, 0, 0]",0.0,-2.1616850003707184
"[8, 7, 1, 0]",0.0,-0.5140512781331501
"[7, 6, 0, 0]",0.0,-1.3914854685117195
"[3, 5, 0, 0]",0.0,-1.6025732063863525
"[5, 7, 0, 0]",0.0,-2.4286091994356966
"[6, 1, 0, 0]",0.0,-6.2772327070216445
"[7, 8, 0, 0]",0.0,-0.15264171806458116
"[8, 7, 1, 2]",0.0,-0.4274930900152951
"[8, 3, 1, 0]",0.0,-0.17646797965288294
"[7, 6, 0, 1]",0.0,-0.964914933388197
"[6, 5, 0, 2]",0.0,-1.6755874518027436
"[8, 7, 0, 0]",0.0,-0.32076395362871674
