"[9, 9, 0, 0]",-2.5014457100790883,-3.903079694028815
"[9, 9, 1, 0]",-2.6399672220998696,-3.6241070418172465
"[9, 9, 1, 1]",-2.4964663233055804,-3.522455593366757
"[9, 9, 1, 2]",-2.522698298586219,-3.2508329520958053
"[9, 9, 1, 3]",-3.522657073289894,-3.426019514567572
"[9, 9, 0, 1]",-2.349871328018831,-3.920739309175852
"[9, 9, 0, 2]",-1.7193485419780334,-3.736262723297537
"[9, 9, 0, 3]",-3.5934953448826907,-3.2847831783229227
"[9, 8, 0, 2]",-0.4601742400847732,-2.0472749391483376
"[9, 7, 0, 3]",-1.9421341562402228,-2.1538876708424435
"[9, 6, 0, 3]",-2.764095898895874,-2.3667601384931305
"[9, 5, 1, 0]",0.0,-2.917387938553782
"[9, 4, 1, 1]",0.0,-3.177236011510043
"[9, 3, 1, 2]",0.0,-3.2993067458477094
"[9, 2, 1, 3]",-4.201363481728112,-2.9412824247395033
"[9, 1, 1, 3]",-3.891034330811011,-3.077855714207132
"[8, 0, 0, 0]",-0.15464696999052907,-1.9329131857188298
"[7, 9, 0, 1]",0.0,-3.2731112480804376
"[6, 9, 0, 2]",0.0,-3.43595973172664
"[5, 9, 0, 3]",-3.850385034901873,-3.4356758861465515
"[4, 9, 0, 3]",-4.300615400646121,-3.3120179785153465
"[3, 9, 0, 3]",-4.079544348688567,-3.135287215315981
"[2, 9, 1, 0]",0.0,-4.30097549082562
"[1, 9, 1, 1]",0.0,-4.781013931369351
"[0, 9, 1, 2]",-0.3984677966780073,-5.005533333269392
"[0, 9, 1, 3]",-3.9588182205722853,-4.565877815543999
"[8, 9, 0, 0]",-0.9428629506551419,-3.1578473210170106
"[3, 9, 1, 0]",0.0,-4.238850360158461
"[2, 9, 1, 1]",0.0,-4.279902430663407
"[1, 9, 1, 2]",0.0,-4.550014271874669
"[9, 8, 0, 0]",-0.3817230712833975,-2.9863091466919167
"[9, 7, 0, 1]",-0.2388227733783128,-2.969222783664512
"[9, 6, 0, 2]",0.0,-2.9942451774941614
"[9, 5, 0, 3]",-2.1031029734343805,-2.9327976372977513
"[9, 4, 0, 3]",-2.7744918228093454,-2.825498496044162
"[9, 3, 0, 3]",-2.684142925677144,-3.216879124762031
"[9, 2, 1, 0]",-0.9005419905970719,-2.632525530139974
"[9, 1, 1, 1]",0.0,-2.706072444381774
"[9, 0, 1, 2]",-1.1984119770563604,-2.895625916579344
"[9, 0, 1, 3]",-3.6539660571068295,-2.8032109795038838
"[8, 9, 0, 3]",-2.7283636792107138,-3.356110536878763
"[7, 9, 0, 3]",-3.683980150209754,-3.046059622492934
"[6, 9, 1, 0]",0.0,-3.630869324533325
"[5, 9, 1, 1]",0.0,-3.367168616637577
"[4, 9, 1, 2]",0.0,-3.428206820170377
"[3, 9, 1, 3]",-2.2909791866957225,-3.3645413989027033
"[2, 9, 1, 3]",-3.8919955625701537,-2.85265134457099
"[1, 9, 1, 3]",-2.876812864642257,-3.857700718648139
"[0, 9, 0, 0]",-3.145989799674398,-3.1691207792020935
"[8, 9, 0, 1]",-0.6950423145663305,-3.499134818086688
"[7, 9, 0, 2]",-0.575108939253677,-3.588649807656731
"[6, 9, 0, 3]",-2.7926938342973995,-3.5700461497659366
"[4, 9, 1, 0]",0.0,-4.06207863192008
"[3, 9, 1, 1]",0.0,-4.070319859237496
"[2, 9, 1, 2]",-0.3456766105826912,-4.031509823940051
"[9, 8, 1, 0]",-0.580419441834647,-2.3533133683667735
"[9, 7, 1, 1]",0.0,-2.4761093855467657
"[9, 6, 1, 2]",0.0,-3.08632818230788
"[9, 5, 1, 3]",-3.7061907198160515,-2.6553289032123466
"[9, 4, 1, 3]",-4.018794192268634,-2.6140016922518483
"[9, 3, 1, 3]",-4.277126719587389,-2.9492236681286785
"[9, 2, 0, 0]",-0.2061936875336068,-4.292657932741498
"[8, 1, 0, 1]",0.0,-1.7036218808953114
"[7, 0, 0, 2]",0.0,-2.7220881353553734
"[6, 8, 0, 3]",-0.1754467447328967,-0.36201664139105494
"[5, 7, 0, 3]",-0.4863774269560518,-0.4634217413286651
"[4, 6, 0, 3]",-0.7965590932083217,-0.7204698784925219
"[3, 5, 0, 3]",-1.325563070914655,-1.9001719097713055
"[2, 4, 0, 3]",-3.0369865547646664,-2.9503515775303666
"[1, 3, 0, 3]",-3.678355140127684,-3.524141592730923
"[0, 2, 1, 0]",0.0,-5.79190858503124
"[0, 1, 1, 1]",0.0,-5.729072903174738
"[0, 0, 1, 2]",0.0,-5.199172247765932
"[0, 0, 1, 3]",-4.057638263033439,-4.652134672145814
"[1, 9, 0, 0]",0.0,-4.19164108743301
"[0, 9, 0, 1]",-0.5116405388624784,-3.857624385658202
"[3, 9, 0, 2]",0.0,-3.4435537223227786
"[2, 9, 0, 3]",-5.181671426946858,-3.037817423227467
"[1, 9, 0, 3]",-5.487684733169376,-2.9973700287843137
"[0, 9, 0, 3]",-6.338787367643138,-3.1480318150589555
"[0, 9, 1, 0]",0.0,-5.6932234168839395
"[0, 9, 1, 1]",0.0,-5.442004531829608
"[5, 9, 1, 0]",-0.5858462526878423,-2.9111101031772577
"[4, 9, 1, 1]",0.0,-2.9106789604322585
"[3, 9, 1, 2]",0.0,-2.9119019531287385
"[9, 8, 1, 3]",-2.551158176932875,-2.731825976859124
"[9, 7, 1, 3]",-2.805255245051145,-3.137344985942056
"[9, 6, 0, 0]",0.0,-2.9388602613725014
"[9, 5, 0, 1]",0.0,-2.9845167918897753
"[9, 4, 0, 2]",0.0,-3.1299226125984387
"[9, 2, 0, 3]",-3.0510662467214997,-3.5819933722677755
"[9, 1, 0, 3]",-3.471341185867884,-4.075822350448961
"[9, 0, 0, 3]",-4.176833506877834,-3.743930798601281
"[9, 0, 1, 0]",-0.787132275198007,-3.1028853932995077
"[9, 0, 1, 1]",-2.2112030052479996,-2.776310134969648
"[9, 1, 1, 0]",0.0,-2.770603959790995
"[9, 8, 1, 1]",-1.0053640815961056,-3.0173293118053355
"[9, 7, 1, 2]",-0.3508870732418103,-3.0659249701950735
"[9, 6, 1, 3]",-4.110179141072376,-3.0211214057702045
"[9, 4, 0, 0]",0.0,-4.094404511407339
"[9, 3, 0, 1]",0.0,-4.16712197059261
"[8, 2, 0, 2]",0.0,-2.9670238289693525
"[7, 1, 0, 3]",-3.7249196426203475,-3.829273412599324
"[6, 0, 0, 3]",-3.764432330521734,-3.8823977658311257
"[0, 8, 1, 3]",-3.2185211234569575,-3.9142428089091843
"[0, 7, 1, 3]",-3.199165037599551,-4.623442681566136
"[9, 5, 0, 0]",0.0,-4.330538088431261
"[9, 4, 0, 1]",0.0,-4.375399232751033
"[9, 3, 0, 2]",0.0,-4.019898259301352
"[8, 9, 1, 3]",-2.795639262213931,-2.1747053932874945
"[7, 9, 0, 0]",0.0,-2.85032664219514
"[6, 9, 0, 1]",0.0,-2.8716471856997847
"[5, 9, 0, 2]",0.0,-3.5354318135710847
"[2, 8, 0, 3]",-2.4358643451546698,-1.8648775169880314
"[1, 7, 1, 0]",0.0,-4.260299039520071
"[0, 6, 1, 1]",0.0,-5.4834397422558325
"[0, 5, 1, 2]",0.0,-5.398556083021277
"[0, 4, 1, 3]",-4.515018219071675,-5.228715558302907
"[0, 3, 1, 3]",-4.837121967883964,-4.989497662213805
"[0, 2, 1, 3]",-4.563178657638428,-5.126612882031206
"[0, 1, 1, 3]",-4.395733825121525,-4.692487785344035
"[1, 9, 1, 0]",0.0,-5.41367042023993
"[2, 9, 0, 0]",-2.278149812276703,-2.4714260179277936
"[1, 9, 0, 1]",0.0,-2.661141983421292
"[0, 9, 0, 2]",-3.1868855563652003,-3.0341798163365503
"[8, 9, 1, 1]",-1.2478894058315853,-2.543148753775707
"[7, 9, 1, 2]",-0.3158077671338971,-2.5791730543376996
"[6, 9, 1, 3]",-2.833188714542586,-2.5513560038020855
"[5, 9, 1, 3]",-2.369043831382057,-2.295303284975727
"[4, 9, 0, 0]",0.0,-2.597257437122132
"[3, 9, 0, 1]",0.0,-2.715530813040387
"[2, 9, 0, 2]",-1.6655909199134746,-2.898447445609003
"[8, 9, 1, 2]",-0.882802552596498,-2.494559362158915
"[7, 9, 1, 3]",-1.8675861904388888,-2.4887365291162173
"[4, 8, 1, 3]",-1.6633576670779346,-1.789632038854728
"[3, 7, 1, 3]",-1.8999358127417518,-2.1207687280630894
"[2, 6, 1, 3]",-2.50144555310619,-3.553717138591744
"[1, 5, 0, 0]",0.0,-3.2104888597101215
"[0, 4, 0, 1]",0.0,-3.6897560225031976
"[8, 0, 1, 2]",0.0,-2.199573579625186
"[7, 0, 1, 3]",-2.3476781282883223,-2.0403327324474367
"[6, 0, 1, 3]",-2.8433433940043833,-2.077501007193888
"[5, 0, 1, 3]",-2.435565025486151,-2.1501466297426983
"[4, 0, 1, 3]",-2.489064634895203,-2.247767256251668
"[3, 0, 1, 3]",-2.296676764740003,-2.6955250200992924
"[2, 0, 1, 3]",-3.944470793128223,-2.8484285109700527
"[9, 7, 0, 0]",-0.25724991747805287,-2.604481231681797
"[9, 6, 0, 1]",0.0,-2.6489214514960797
"[9, 5, 0, 2]",-0.33180604118157986,-2.7896239322023737
"[8, 9, 1, 0]",-1.5351989913533337,-2.3572154762446207
"[7, 9, 1, 1]",-0.24457514512046996,-2.311744799363189
"[6, 9, 1, 2]",0.0,-2.2851389010826786
"[4, 9, 1, 3]",-2.4547485016424133,-2.2486114816551535
"[0, 8, 0, 2]",0.0,-1.9051131936947434
"[9, 4, 1, 0]",0.0,-2.3697135148399937
"[9, 3, 1, 1]",0.0,-2.56583697490151
"[9, 2, 1, 2]",-0.861558656218337,-2.7862541788074107
"[2, 8, 1, 2]",0.0,-3.059200814577883
"[1, 7, 1, 3]",-2.2825996204402985,-3.8528571182790863
"[0, 6, 1, 3]",-4.660539733599862,-4.670372235978906
"[0, 5, 1, 3]",-4.123950290639648,-4.663789126702569
"[9, 3, 0, 0]",0.0,-4.27548412039078
"[9, 2, 0, 1]",-0.6771809452158308,-4.072742992217361
"[9, 1, 0, 2]",0.0,-4.027856099355083
"[9, 0, 0, 0]",-0.7590967758821141,-4.103960158290473
"[7, 8, 1, 3]",-0.20033897363463024,-0.4348903020585316
"[6, 7, 0, 0]",0.0,-0.39605417643141966
"[5, 6, 0, 1]",0.0,-0.744349218801278
"[4, 5, 0, 2]",0.0,-1.4067824441651993
"[3, 4, 0, 3]",-0.5727815438496486,-2.295731311454066
"[2, 3, 0, 3]",-3.2751555707441447,-3.1664981505815484
"[1, 2, 1, 0]",0.0,-4.730160202170335
"[3, 9, 0, 0]",0.0,-2.680055598848814
"[2, 9, 0, 1]",-1.3063911818419744,-2.8957067305352253
"[1, 9, 0, 2]",0.0,-3.153989243887412
"[9, 8, 1, 2]",-0.29474558035033216,-3.082819580626371
"[8, 0, 1, 3]",-2.7545034429565574,-1.973266845658042
"[8, 6, 1, 3]",-0.4743246784102172,-0.6567674739669579
"[7, 5, 0, 0]",0.0,-0.8045519596155144
"[6, 4, 0, 1]",0.0,-1.3973792198103405
"[5, 3, 0, 2]",0.0,-2.1784809297946937
"[4, 2, 0, 3]",-3.215330643816893,-3.095062243861999
"[3, 1, 0, 3]",-3.8705302986980428,-3.6300438932339394
"[2, 0, 1, 0]",0.0,-5.151326798011588
"[1, 0, 1, 1]",0.0,-5.1334729020816985
"[9, 8, 0, 3]",-2.053250717458764,-2.146502403106358
"[9, 7, 1, 0]",0.0,-2.42006571116616
"[9, 6, 1, 1]",0.0,-2.564404941908375
"[9, 5, 1, 2]",0.0,-2.680343183498427
"[9, 1, 0, 1]",0.0,-4.015662367441766
"[9, 0, 0, 2]",-0.3841073084619723,-3.716507748018349
"[8, 0, 1, 0]",0.0,-2.801747113332919
"[7, 0, 1, 1]",0.0,-2.3933129318207915
"[6, 0, 1, 2]",0.0,-2.186778536773746
"[0, 8, 0, 3]",-3.1622089342231376,-1.586486829093743
"[6, 9, 0, 0]",0.0,-2.314120712282048
"[5, 9, 0, 1]",-0.3667579800477019,-2.954839524781072
"[4, 9, 0, 2]",0.0,-3.2259383028686623
"[8, 9, 0, 2]",-1.6699987366561977,-3.513247038567456
"[9, 3, 1, 0]",0.0,-2.8390532971550826
"[9, 2, 1, 1]",-0.410943848873547,-3.063835027865805
"[9, 1, 1, 2]",0.0,-3.21624541238476
"[9, 2, 0, 2]",0.0,-4.218571679021828
"[8, 4, 1, 3]",-1.137217577637921,-1.227639721475617
"[7, 3, 1, 3]",-1.5208663720086688,-1.3888467415761163
"[6, 2, 1, 3]",-1.8679926621778535,-1.8156452833720387
"[5, 1, 0, 0]",0.0,-2.89408295726404
"[4, 0, 0, 1]",0.0,-3.8582825126340587
"[3, 7, 0, 2]",0.0,-1.10779507676382
"[2, 6, 0, 3]",-1.9835149426771723,-2.0108198813458658
"[1, 5, 0, 3]",-2.6370869183381664,-2.372976761759744
"[0, 4, 0, 3]",-3.3254964177036674,-2.5356893534954277
"[0, 3, 1, 0]",0.0,-5.172386543563456
"[0, 2, 1, 1]",0.0,-5.669309526133128
"[0, 1, 1, 2]",0.0,-5.226978967088999
"[9, 6, 1, 0]",0.0,-2.316217977415322
"[9, 5, 1, 1]",0.0,-2.540807949769014
"[9, 4, 1, 2]",0.0,-2.6573546510452997
"[9, 1, 0, 0]",0.0,-4.483424651637312
"[9, 0, 0, 1]",0.0,-4.1172608684672
"[9, 8, 0, 1]",-0.767670036544303,-2.2222479925848546
"[9, 7, 0, 2]",0.0,-2.3133347753347677
"[5, 8, 0, 3]",-0.2625728398468485,-0.5246237192379622
"[4, 7, 1, 0]",0.0,-0.5124462911817887
"[3, 6, 1, 1]",0.0,-1.1741640250317695
"[2, 5, 1, 2]",0.0,-2.4052073997044903
"[1, 4, 1, 3]",-3.2768752413178444,-3.85892740736277
"[1, 2, 0, 0]",0.0,-3.554058040314278
"[0, 1, 0, 1]",0.0,-3.8441995072025654
"[1, 0, 1, 3]",-2.887461719119692,-3.8506402017859984
"[4, 8, 0, 0]",0.0,-1.595609342000897
"[3, 7, 0, 1]",0.0,-1.885551765456775
"[2, 6, 0, 2]",0.0,-2.154620082696306
"[5, 9, 0, 0]",-0.05629787678369617,-3.029556118742204
"[4, 9, 0, 1]",0.0,-3.251501321313298
"[7, 8, 0, 1]",0.0,-0.0313475762519248
"[6, 7, 0, 2]",0.0,-0.08584448165088318
"[5, 6, 0, 3]",-0.2062315038700004,-0.18619946206469323
"[4, 5, 0, 3]",-0.27740970667399645,-0.2661751729198389
"[1, 2, 0, 3]",-3.797985956792976,-3.532627086813417
"[0, 1, 0, 3]",-4.47233530055089,-3.9043092845052145
"[1, 7, 0, 3]",-2.6415605957139947,-1.9995346088965231
"[0, 6, 1, 0]",0.0,-4.620782428137891
"[0, 5, 1, 1]",0.0,-5.398120006411292
"[0, 4, 1, 2]",0.0,-5.351168491540388
"[8, 4, 0, 2]",0.0,-2.214915623857414
"[7, 3, 0, 3]",-2.3807323339458013,-2.5288658187012145
"[6, 2, 0, 3]",-2.5341706786954568,-3.1234021022920753
"[5, 1, 0, 3]",-3.9194193210665,-3.92398168851118
"[4, 0, 0, 3]",-4.125085862046345,-3.967896588794908
"[8, 6, 1, 2]",0.0,-0.19853366239569453
"[7, 5, 1, 3]",-0.45044044057743493,-0.5305686501186418
"[6, 4, 1, 3]",-0.5441746539064043,-0.6188342799369552
"[5, 3, 1, 3]",-0.9339180983316586,-1.244546343775832
"[4, 2, 0, 0]",0.0,-1.7766979980303934
"[3, 1, 0, 1]",0.0,-2.65426570781499
"[2, 0, 0, 2]",0.0,-3.4024781704353844
"[8, 5, 0, 3]",-1.3806947677181127,-1.3874852531553725
"[7, 4, 0, 3]",-1.6778761547053296,-1.8762523325859715
"[6, 3, 1, 0]",0.0,-2.0822300608789406
"[5, 2, 1, 1]",0.0,-2.3832723971647853
"[4, 1, 1, 2]",0.0,-2.5654088229219094
"[7, 8, 1, 1]",0.0,-0.8949166526716124
"[6, 7, 1, 2]",0.0,-0.7971260407291743
"[5, 6, 1, 3]",-0.578627447051428,-0.6942639745425123
"[4, 5, 1, 3]",-0.7661028131526911,-0.9623583291672388
"[3, 4, 0, 0]",0.0,-1.6706024909954544
"[2, 3, 0, 1]",0.0,-2.593532475729689
"[1, 2, 0, 2]",0.0,-3.3925536133083907
"[2, 8, 1, 0]",0.0,-0.03951210707957019
"[1, 7, 1, 1]",0.0,-0.38296252961351696
"[0, 6, 1, 2]",0.0,-3.905660029245408
"[8, 2, 0, 3]",-2.312590213858745,-3.318363023712519
"[5, 0, 1, 0]",0.0,-3.4823916829531325
"[4, 0, 1, 1]",0.0,-3.1052613586155076
"[3, 0, 1, 2]",0.0,-2.902089070257568
"[8, 1, 0, 0]",0.0,-0.8559069455188847
"[7, 0, 0, 1]",0.0,-2.0111277464175537
"[6, 5, 0, 2]",0.0,-0.5955803998543725
"[5, 4, 0, 3]",-0.32130957710857694,-1.0367272777315877
"[4, 3, 0, 3]",-1.7196317596706183,-1.68825991064764
"[3, 2, 1, 0]",0.0,-2.8495361087918254
"[2, 1, 1, 1]",0.0,-3.970628283980398
"[1, 0, 1, 2]",0.0,-4.581282613104757
"[6, 0, 1, 0]",0.0,-3.648571726169896
"[5, 0, 1, 1]",0.0,-3.1103040227324183
"[4, 0, 1, 2]",0.0,-2.7851910362410592
"[1, 8, 0, 3]",-2.50158357994182,-1.7830371427409903
"[0, 7, 0, 3]",-2.5887001815033357,-1.976240571018087
"[2, 8, 1, 3]",-2.146650815578768,-2.324797243600652
"[0, 6, 0, 0]",0.0,-2.538709019482304
"[7, 1, 1, 0]",0.0,-2.3950590584527673
"[6, 0, 1, 1]",0.0,-2.444617796404172
"[5, 0, 1, 2]",0.0,-2.3798416293638813
"[4, 8, 1, 2]",0.0,-1.2140149376673464
"[1, 5, 1, 3]",-3.8161822155714553,-3.8261875075819307
"[5, 1, 1, 0]",0.0,-2.8264647802219156
"[0, 8, 1, 1]",0.0,-4.188463733120241
"[0, 7, 1, 2]",0.0,-4.75341300971156
"[8, 0, 0, 3]",-3.4425699160523906,-3.7376637952930234
"[7, 0, 1, 0]",0.0,-3.2128998333873935
"[8, 4, 0, 3]",-1.8968253326524316,-2.1863420409886696
"[6, 2, 1, 0]",0.0,-2.5634733121796636
"[5, 1, 1, 1]",0.0,-2.6831898093896305
"[7, 9, 1, 0]",0.0,-2.682733379976618
"[6, 9, 1, 1]",0.0,-2.54806888497116
"[5, 9, 1, 2]",-0.2684450613719231,-2.426808103827951
"[1, 8, 0, 0]",0.0,-1.6841894952843388
"[0, 7, 0, 1]",0.0,-2.529723824518378
"[7, 8, 0, 3]",-0.008570790374730575,-0.15032218184993978
"[6, 7, 0, 3]",-0.1836880730878791,-0.24288811195608
"[5, 6, 1, 0]",0.0,-0.36038338299356587
"[4, 5, 1, 1]",0.0,-0.8410262164912435
"[3, 4, 1, 2]",0.0,-1.5836595781921612
"[2, 3, 1, 3]",-2.4364663207117268,-2.6140621584322226
"[1, 2, 1, 3]",-3.251251473941623,-3.4094636397590974
"[0, 1, 0, 0]",0.0,-3.6688718573827277
"[8, 4, 1, 2]",0.0,-0.49191754814886995
"[8, 5, 1, 3]",-0.44954641757153735,-0.4624011780116767
"[7, 4, 1, 3]",-0.3610030214885525,-0.385563530010975
"[6, 3, 0, 0]",0.0,-0.953665528510117
"[5, 2, 0, 1]",0.0,-1.9565275056398268
"[4, 1, 0, 2]",0.0,-3.0502662327448653
"[3, 0, 0, 3]",-4.237368907853794,-3.7813391254055406
"[0, 8, 1, 2]",0.0,-3.688941667932804
"[8, 7, 0, 0]",0.0,-0.4000788288404502
"[7, 6, 0, 1]",0.0,-0.4486895085925231
"[3, 2, 0, 3]",-2.6854267831958167,-2.7027536922652917
"[2, 1, 1, 0]",0.0,-4.099477313083227
"[8, 0, 0, 2]",0.0,-2.2942351185313656
"[8, 6, 0, 2]",0.0,-0.7607080846539083
"[7, 5, 0, 3]",-1.128529955813394,-1.1029537548540111
"[6, 4, 0, 3]",-1.5380192642218369,-1.7723439946628163
"[5, 3, 0, 3]",-2.335255933690861,-2.608509243607657
"[4, 2, 1, 0]",0.0,-3.035373265939461
"[3, 1, 1, 1]",0.0,-3.5383191326098964
"[2, 0, 1, 2]",0.0,-3.8051685051128334
"[4, 8, 0, 1]",0.0,-0.5810852636811185
"[0, 4, 1, 0]",0.0,-4.98783226173848
"[0, 3, 1, 1]",0.0,-5.614127595226082
"[0, 2, 1, 2]",0.0,-5.272528043687555
"[8, 3, 1, 2]",0.0,-0.6457180472614704
"[7, 2, 1, 3]",-1.4916610044433904,-1.4352282449386278
"[6, 1, 1, 3]",-1.9164503283945848,-1.9435824614856347
"[5, 0, 0, 0]",0.0,-3.224096446192405
"[5, 8, 1, 0]",-0.14356817638189995,-0.8359721773136598
"[4, 7, 1, 1]",0.0,-1.361933809783348
"[3, 6, 1, 2]",0.0,-2.105643646088492
"[2, 5, 1, 3]",-2.7752002882356535,-2.817163685892446
"[0, 3, 0, 0]",0.0,-3.712864123669329
"[8, 5, 0, 1]",0.0,-1.4569523373134738
"[7, 4, 0, 2]",0.0,-1.7279304938871598
"[6, 3, 0, 3]",-2.073885190840685,-2.1942517512053032
"[5, 2, 0, 3]",-2.6588300462555403,-2.691546269576008
"[4, 1, 1, 0]",0.0,-3.4634199494230478
"[3, 0, 1, 1]",0.0,-3.951498357295949
"[8, 6, 0, 0]",0.0,-0.9752653292041091
"[7, 5, 0, 1]",0.0,-1.457151939745967
"[6, 4, 0, 2]",0.0,-2.0284844771795276
"[3, 1, 1, 0]",0.0,-4.276370940784959
"[2, 0, 1, 1]",0.0,-5.0041506742210276
"[8, 1, 0, 3]",-2.9342633650139374,-2.916917173684334
"[7, 0, 0, 3]",-3.1943796590473945,-3.2525142677986425
"[7, 2, 0, 1]",0.0,-0.8557276501196966
"[6, 1, 0, 2]",0.0,-2.24986350852381
"[5, 0, 0, 3]",-3.44726225026974,-3.6670772525927395
"[4, 1, 0, 3]",-3.917124489369938,-3.685752521397129
"[8, 3, 1, 3]",-0.9344979813203085,-0.920013746918851
"[4, 1, 0, 1]",0.0,-2.0313632005252553
"[3, 0, 0, 2]",0.0,-3.076484938487582
"[2, 1, 0, 3]",-3.93715342245852,-3.8346361904085113
"[1, 0, 0, 3]",-4.4869067097467665,-4.037412378220911
"[0, 0, 1, 0]",0.0,-6.0984996777266
"[0, 0, 1, 1]",0.0,-5.731636994723283
"[6, 8, 1, 1]",0.0,-1.2016522452779814
"[5, 7, 1, 2]",0.0,-1.4346608235515712
"[4, 6, 1, 3]",-1.3607955302675008,-1.7435701242405708
"[3, 5, 1, 3]",-2.075507223179701,-2.086490166364415
"[2, 4, 0, 0]",0.0,-3.265935496639513
"[1, 3, 0, 1]",0.0,-3.8498922531015585
"[0, 2, 0, 2]",0.0,-4.119946651517674
"[8, 4, 0, 0]",0.0,-0.4113442495292244
"[7, 3, 0, 1]",0.0,-0.8742961824879314
"[6, 2, 0, 2]",0.0,-2.058832424976613
"[3, 0, 1, 0]",0.0,-5.100534086383351
"[2, 8, 0, 0]",-0.8910655489477716,-2.2360907317747953
"[1, 7, 0, 1]",0.0,-2.4305081941543407
"[0, 6, 0, 2]",0.0,-2.6282520395658198
"[0, 4, 0, 0]",0.0,-3.9686723886231188
"[6, 8, 1, 3]",-0.658966804130848,-0.6683355466045163
"[5, 7, 1, 3]",-1.0047244623786902,-1.1392612777588733
"[4, 6, 0, 0]",0.0,-1.933992381987944
"[3, 5, 0, 1]",0.0,-2.5703958818070145
"[2, 4, 0, 2]",0.0,-3.085220244596952
"[0, 2, 0, 3]",-3.8477721769787783,-3.6377485070906244
"[0, 1, 1, 0]",0.0,-5.914713305002936
"[8, 3, 0, 1]",0.0,-0.4356026755994917
"[7, 2, 0, 2]",0.0,-0.792026673784518
"[6, 1, 0, 3]",-3.0023694950484248,-2.9553052988196065
"[4, 0, 1, 0]",0.0,-4.33134622126938
"[2, 8, 0, 1]",-0.6848891510255943,-1.5584265755164626
"[1, 7, 0, 2]",0.0,-1.7193547982273738
"[0, 6, 0, 3]",-3.707485567838395,-2.1427356622466434
"[4, 3, 0, 0]",0.0,-0.8072128105607304
"[3, 2, 0, 1]",0.0,-1.6577223338117517
"[2, 1, 0, 2]",0.0,-3.090732138595367
"[8, 2, 1, 3]",-2.35895223482529,-1.794734409472645
"[7, 1, 1, 3]",-2.530821610209972,-1.9669402737573911
"[6, 0, 0, 0]",0.0,-3.543621317447554
"[8, 0, 1, 1]",-0.8845270692928102,-1.9606634378525645
"[7, 0, 1, 2]",0.0,-2.003088423165392
"[8, 3, 0, 0]",0.0,-0.46056542471947176
"[2, 0, 0, 3]",-4.641179449083399,-3.6170472402414644
"[1, 1, 0, 3]",-2.7210821344848113,-2.8422699514671548
"[7, 3, 0, 0]",0.0,-1.8657168471355632
"[6, 2, 0, 1]",0.0,-2.5822733554613437
"[5, 1, 0, 2]",0.0,-3.3576833171290583
"[2, 1, 0, 0]",0.0,-3.152903169654872
"[1, 0, 0, 1]",0.0,-3.693186660693731
"[1, 8, 0, 1]",0.0,-1.7534437353606451
"[0, 7, 0, 2]",0.0,-1.9418388868547154
"[0, 5, 1, 0]",0.0,-5.150220015089759
"[0, 4, 1, 1]",0.0,-5.7307983958067155
"[0, 3, 1, 2]",0.0,-5.57539840740146
"[5, 8, 0, 1]",0.0,-0.5692817801074458
"[4, 7, 0, 2]",0.0,-0.9707496316778048
"[3, 6, 0, 3]",-1.4022059833241785,-1.5173109169809813
"[2, 5, 0, 3]",-2.2233990488054163,-2.056803417491106
"[1, 4, 0, 3]",-2.77732567423887,-2.585900111408026
"[1, 3, 0, 0]",0.0,-3.3972351512520094
"[0, 2, 0, 1]",-0.6058954661761917,-3.6735937188720156
"[8, 1, 1, 1]",0.0,-1.9757204813628229
"[1, 8, 1, 3]",-2.305406190918085,-2.582130810073253
"[8, 4, 0, 1]",0.0,-1.1862490579466594
"[7, 3, 0, 2]",0.0,-1.7663341591481796
"[2, 8, 0, 2]",-0.3701686161430626,-1.9177040500577789
"[8, 2, 1, 2]",0.0,-1.7231863387477944
"[5, 7, 1, 0]",0.0,-0.44063204332336237
"[4, 6, 1, 1]",0.0,-0.9560434708038572
"[3, 5, 1, 2]",0.0,-1.7672314373216869
"[2, 4, 1, 3]",-2.688818800741268,-2.705210879275577
"[1, 3, 1, 3]",-3.2715740174514454,-3.7005692977395634
"[0, 2, 0, 0]",0.0,-3.7273871831332523
"[3, 8, 1, 2]",0.0,-1.6471640938656023
"[2, 7, 1, 3]",-1.561924380022704,-2.267476998368277
"[1, 6, 1, 3]",-2.889490734550105,-2.8985380572281216
"[8, 7, 0, 3]",-0.2874877663233305,-0.27563366833396685
"[7, 6, 0, 3]",-0.32180038147057555,-0.23197486870753128
"[6, 5, 0, 3]",-0.1929868694545308,-0.5016228115287041
"[4, 3, 1, 0]",0.0,-0.6940563574085613
"[3, 2, 1, 1]",0.0,-1.5904311823794126
"[2, 1, 1, 2]",0.0,-2.9413579232754987
"[5, 8, 0, 0]",0.0,-0.3833927622579356
"[4, 7, 0, 1]",0.0,-0.5191549732719964
"[3, 6, 0, 2]",0.0,-0.6567872010749434
"[0, 3, 0, 3]",-3.900376539067563,-2.908944154448809
"[6, 8, 1, 0]",0.0,-0.010440410576517904
"[5, 7, 1, 1]",0.0,-0.0972598138046716
"[4, 6, 1, 2]",0.0,-0.5738100808673008
"[6, 8, 0, 1]",0.0,-0.6046459308667337
"[5, 7, 0, 2]",0.0,-0.5976130923469988
"[2, 4, 1, 0]",0.0,-2.6011105867032747
"[1, 3, 1, 1]",0.0,-4.1301503419774335
"[8, 6, 0, 3]",-0.9418840015060752,-0.9445894630481836
"[7, 5, 1, 0]",0.0,-1.3074259420648433
"[6, 4, 1, 1]",0.0,-1.7024994352093679
"[5, 3, 1, 2]",0.0,-2.0661029572250786
"[4, 2, 1, 3]",-1.9386521090577318,-2.3402566526543795
"[3, 1, 1, 3]",-2.7660620873491792,-2.542743961942978
"[2, 0, 0, 0]",0.0,-3.460298287890476
"[1, 8, 1, 0]",0.0,-0.4737706563187426
"[0, 7, 1, 1]",0.0,-2.70632121239748
"[4, 8, 0, 2]",0.0,-0.7615383211470594
"[3, 7, 0, 3]",-1.0036916847747455,-1.3063114337752695
"[1, 5, 1, 0]",0.0,-3.8035935150016593
"[8, 2, 0, 0]",0.0,-0.9457334174821869
"[7, 1, 0, 1]",0.0,-1.9167897399151486
"[6, 0, 0, 2]",0.0,-3.038362579151526
"[8, 2, 1, 1]",0.0,-2.017123890859231
"[7, 1, 1, 2]",0.0,-2.0615436800385263
"[8, 5, 1, 2]",0.0,-0.04182080332747969
"[6, 3, 1, 3]",-0.5072398365209579,-0.5334457778357103
"[5, 2, 1, 3]",-1.0800334796071167,-1.8133739143603056
"[4, 1, 0, 0]",0.0,-2.1554438983997986
"[3, 0, 0, 1]",0.0,-3.0818956414784653
"[5, 1, 1, 3]",-2.3907458923541673,-2.057779756141013
"[1, 4, 0, 0]",0.0,-3.777670635228934
"[0, 3, 0, 1]",0.0,-4.101652187224036
"[5, 8, 1, 1]",0.0,-0.6452902752018772
"[4, 7, 1, 2]",0.0,-1.2364349031718782
"[3, 6, 1, 3]",-2.1713878191234754,-2.162382169145566
"[1, 8, 1, 1]",0.0,-1.471409091099818
"[8, 6, 0, 1]",0.0,-1.1549037933332214
"[7, 5, 0, 2]",0.0,-1.3714834956811879
"[6, 4, 1, 0]",0.0,-1.5844071572473724
"[5, 3, 1, 1]",0.0,-2.014740097617657
"[4, 2, 1, 2]",0.0,-2.341695566284547
"[4, 8, 0, 3]",-0.4824832159543438,-0.4624618651110349
"[2, 6, 1, 0]",0.0,-2.2047054755306372
"[1, 5, 1, 1]",0.0,-3.893407363963325
"[8, 5, 1, 0]",0.0,-0.3215327481726933
"[7, 4, 1, 1]",0.0,-0.6874307550628435
"[6, 3, 1, 2]",0.0,-1.22223467503895
"[4, 1, 1, 3]",-2.3100446741185583,-2.176675734994761
"[7, 3, 1, 0]",0.0,-2.108521877479535
"[6, 2, 1, 1]",0.0,-2.275353224510763
"[5, 1, 1, 2]",0.0,-2.344595466523439
"[8, 7, 0, 2]",0.0,-0.386850481884178
"[5, 8, 0, 2]",0.0,-0.33400484930431973
"[4, 7, 0, 3]",-0.6904142769966228,-0.9104333462341506
"[2, 5, 1, 0]",0.0,-2.7372301766855687
"[1, 4, 1, 1]",0.0,-4.408104629087303
"[5, 6, 0, 0]",0.0,-0.5411940595726785
"[4, 5, 0, 1]",0.0,-1.1539213746667525
"[3, 4, 0, 2]",0.0,-2.1082123174771343
"[0, 8, 0, 0]",0.0,-2.5255568936729755
"[5, 3, 1, 0]",0.0,-1.9975938470495074
"[4, 2, 1, 1]",0.0,-2.3551290346418465
"[3, 1, 1, 2]",0.0,-2.5922914800054584
"[3, 8, 0, 3]",-0.6065727340877973,-0.5179022279082239
"[2, 7, 0, 3]",-1.1868236894339514,-1.330595886805638
"[1, 6, 1, 0]",0.0,-3.1285118755249153
"[1, 1, 0, 0]",0.0,-2.4433848751223417
"[0, 0, 0, 1]",0.0,-3.0518834449047523
"[1, 6, 0, 0]",0.0,-2.0906226440656344
"[0, 5, 0, 1]",0.0,-2.4900736455234354
"[8, 1, 1, 0]",0.0,-2.2511320257057372
"[7, 1, 0, 0]",0.0,-3.6036089757174903
"[6, 0, 0, 1]",0.0,-3.9677762190031673
"[3, 8, 1, 3]",-1.3581686103556638,-1.3102585956139141
"[0, 5, 0, 0]",-0.5283248295765776,-3.863681616890717
"[6, 8, 0, 2]",0.0,-0.2397994108499979
"[3, 5, 1, 0]",0.0,-1.6040733707589585
"[2, 4, 1, 1]",0.0,-2.824427168559824
"[1, 3, 1, 2]",0.0,-4.14429631126152
"[8, 1, 1, 3]",-2.3255231285444005,-1.9107499594692983
"[8, 7, 1, 0]",0.0,-0.004085995551416284
"[7, 6, 1, 1]",0.0,-0.019161981431177248
"[6, 5, 1, 2]",0.0,-0.07301577942806614
"[5, 4, 1, 3]",-0.2322056923276248,-0.25475369589668834
"[4, 3, 1, 3]",-0.609774594675917,-1.6424897183943488
"[3, 2, 0, 0]",0.0,-1.3174844409570974
"[2, 1, 0, 1]",0.0,-2.267745736353341
"[1, 0, 0, 2]",0.0,-3.3404386590997652
"[4, 8, 1, 1]",0.0,-3.0586692397723194
"[3, 7, 1, 2]",0.0,-3.3351223597541493
"[5, 8, 1, 2]",-0.13524249119225518,-1.7833889193048258
"[4, 7, 1, 3]",-1.5937110411671094,-2.0648813121832625
"[2, 5, 0, 0]",0.0,-2.757203079308834
"[1, 4, 0, 1]",0.0,-3.1670355804795958
"[0, 3, 0, 2]",0.0,-3.5219694718884806
"[5, 2, 0, 0]",0.0,-1.1691356679967904
"[8, 5, 0, 2]",0.0,-1.5508058817116819
"[3, 7, 1, 0]",0.0,-1.0962155187925555
"[2, 6, 1, 1]",0.0,-2.3059389158330945
"[1, 5, 1, 2]",0.0,-3.850010325075926
"[4, 5, 1, 0]",0.0,-0.3011827440424101
"[3, 4, 1, 1]",0.0,-0.6721440553193304
"[2, 3, 1, 2]",0.0,-1.5886271258943967
"[4, 2, 0, 1]",0.0,-2.1587382613311115
"[3, 1, 0, 2]",0.0,-3.0140100806630628
"[0, 0, 0, 3]",-3.6073621369543036,-3.448457972886822
"[4, 6, 1, 0]",0.0,-1.0102601040315629
"[3, 5, 1, 1]",0.0,-1.850053292045211
"[2, 4, 1, 2]",0.0,-2.8484285693809714
"[0, 7, 1, 0]",0.0,-4.920024381484602
"[1, 8, 1, 2]",0.0,-2.5176426791197484
"[5, 2, 1, 0]",0.0,-2.377470793055404
"[4, 1, 1, 1]",0.0,-2.647183868155193
"[6, 8, 1, 2]",0.0,-1.0203961297616888
"[3, 5, 0, 0]",0.0,-2.2129490562610514
"[2, 4, 0, 1]",0.0,-2.8135856371355525
"[1, 3, 0, 2]",0.0,-3.279286184539241
"[1, 7, 0, 0]",0.0,-2.4035932270362497
"[0, 6, 0, 1]",0.0,-2.4662393400683253
"[5, 7, 0, 0]",0.0,-1.1941858931400695
"[4, 6, 0, 1]",0.0,-1.7521609286590947
"[3, 5, 0, 2]",0.0,-2.3575980645187165
"[8, 2, 0, 1]",0.0,-2.589100499949335
"[7, 1, 0, 2]",0.0,-3.3118375562832205
"[8, 1, 0, 2]",0.0,-1.871239733778052
"[1, 4, 1, 0]",0.0,-4.0072057290845375
"[3, 8, 0, 2]",0.0,-0.4342703654361308
"[1, 6, 0, 3]",-2.4039529458638,-2.063901686530133
"[5, 3, 0, 0]",0.0,-1.211088201999162
"[6, 7, 1, 3]",-0.24132256921370582,-0.42999094363229357
"[7, 0, 0, 0]",0.0,-3.5004050815642285
"[1, 0, 1, 0]",0.0,-5.788159194770817
"[8, 1, 1, 2]",0.0,-1.7186844152697467
"[6, 4, 0, 0]",0.0,-1.1454359201171564
"[5, 3, 0, 1]",0.0,-1.8938794484994634
"[4, 2, 0, 2]",0.0,-2.814351663226361
"[3, 0, 0, 0]",0.0,-3.302155396087852
"[7, 8, 1, 0]",0.0,-0.09075927848883174
"[6, 7, 1, 1]",0.0,-0.2139480651658095
"[5, 6, 1, 2]",0.0,-0.47991236351324396
"[3, 4, 1, 3]",-1.7042962216075834,-1.601659656045068
"[2, 3, 0, 0]",0.0,-3.1090848271543337
"[1, 2, 0, 1]",0.0,-3.636765518753345
"[0, 1, 0, 2]",0.0,-3.880084125024732
"[7, 4, 0, 0]",0.0,-0.9439728867619923
"[6, 3, 0, 1]",0.0,-1.733494958313204
"[5, 2, 0, 2]",0.0,-2.782733096611338
"[6, 1, 0, 0]",0.0,-2.4988664170190997
"[5, 0, 0, 1]",0.0,-3.2982551004132317
"[5, 8, 1, 3]",-1.4378814541148979,-1.522622448731755
"[4, 7, 0, 0]",0.0,-1.782457676330572
"[3, 6, 0, 1]",0.0,-2.0659961933242244
"[2, 5, 0, 2]",0.0,-2.290558358560799
"[8, 7, 1, 3]",-0.13165300937985386,-0.41531554229035633
"[7, 6, 1, 3]",-0.20851485234062747,-0.2697287334751356
"[6, 5, 0, 0]",0.0,-0.4246611336649565
"[5, 4, 0, 1]",0.0,-0.8149688504160075
"[4, 3, 0, 2]",0.0,-1.539761936111314
"[2, 7, 0, 0]",-0.1761166027468728,-2.0720508563238926
"[1, 6, 0, 1]",0.0,-2.3875198290963606
"[0, 5, 0, 2]",-0.1837942455891261,-2.391838089823815
"[7, 8, 1, 2]",0.0,-0.28117183582781435
"[4, 5, 0, 0]",0.0,-1.1485146613301014
"[3, 4, 0, 1]",0.0,-1.9120742928095484
"[2, 3, 0, 2]",0.0,-2.839887226858059
"[8, 7, 1, 2]",0.0,-0.4408761493473372
"[6, 5, 1, 3]",-0.15828014242487287,-0.1520572338828139
"[5, 4, 0, 0]",0.0,-0.49243577280884254
"[4, 3, 0, 1]",0.0,-1.1734347708555413
"[3, 2, 0, 2]",0.0,-2.4610281734825086
"[4, 0, 0, 0]",0.0,-3.1524450483452737
"[8, 0, 0, 1]",0.0,-1.8344734184513911
"[8, 5, 1, 1]",0.0,-0.09500826246283757
"[7, 4, 1, 2]",0.0,-0.1602615453785728
"[8, 5, 0, 0]",0.0,-0.5836097176236539
"[7, 4, 0, 1]",0.0,-0.6173261680683337
"[6, 3, 0, 2]",0.0,-0.9040962779886064
"[2, 7, 1, 0]",0.0,-1.658997576147354
"[1, 6, 1, 1]",0.0,-3.4719413853151475
"[8, 4, 1, 0]",0.0,-1.5048071296956755
"[7, 3, 1, 1]",0.0,-1.6645301302872608
"[6, 2, 1, 2]",0.0,-1.8461431306384621
"[7, 2, 0, 0]",0.0,-1.9272956095100833
"[6, 1, 0, 1]",0.0,-3.150229906842049
"[5, 0, 0, 2]",0.0,-3.7917017269558575
"[0, 5, 0, 3]",-2.7762458195206716,-2.4046359822236174
"[6, 7, 1, 0]",0.0,-0.04355517322845982
"[5, 6, 1, 1]",0.0,-0.18884129476084965
"[4, 5, 1, 2]",0.0,-0.6419860752889531
"[0, 7, 0, 0]",0.0,-2.4600002165145067
"[7, 8, 0, 2]",0.0,-0.3320872906877569
"[3, 4, 1, 0]",0.0,-0.7397153383154388
"[2, 3, 1, 1]",0.0,-1.8184231228521708
"[1, 2, 1, 2]",0.0,-3.456896007263338
"[7, 6, 0, 0]",0.0,-0.27266803862626
"[6, 5, 0, 1]",0.0,-0.5159452008533438
"[5, 4, 0, 2]",0.0,-0.9374817091268114
"[2, 8, 1, 1]",0.0,-3.3343669791806207
"[1, 7, 1, 2]",0.0,-3.962271368898582
"[8, 6, 1, 1]",0.0,-0.02532165803398798
"[7, 5, 1, 2]",0.0,-0.07783776324388877
"[3, 1, 0, 0]",0.0,-3.0131226493880194
"[2, 0, 0, 1]",0.0,-3.305519120341979
"[6, 2, 0, 0]",0.0,-2.5800813423310447
"[5, 1, 0, 1]",0.0,-3.3076391413171775
"[4, 0, 0, 2]",0.0,-3.805483823231355
"[8, 3, 0, 3]",-1.5908349872293017,-1.5970902055657583
"[7, 2, 0, 3]",-2.0182725554519747,-2.0562404869146054
"[1, 8, 0, 2]",0.0,-1.7563466199295017
"[8, 3, 0, 2]",0.0,-0.6875951131916885
"[1, 5, 0, 1]",0.0,-2.4225266025097993
"[0, 4, 0, 2]",0.0,-2.7330959379590642
"[8, 4, 1, 1]",0.0,-0.5990545897792171
"[7, 3, 1, 2]",0.0,-1.123750659400809
"[6, 8, 0, 0]",0.0,-0.2065309429050831
"[5, 7, 0, 1]",0.0,-0.4553662675427923
"[4, 6, 0, 2]",0.0,-0.9953642159793084
"[1, 3, 1, 0]",0.0,-4.538317658660635
"[8, 2, 1, 0]",-0.2455845385703372,-1.814532065119358
"[7, 1, 1, 1]",0.0,-1.953161321156586
"[3, 6, 0, 0]",0.0,-2.0451965361712614
"[2, 5, 0, 1]",0.0,-2.293336367343217
"[1, 4, 0, 2]",0.0,-2.4867194120844385
"[3, 7, 0, 0]",0.0,-1.9782868324328025
"[2, 6, 0, 1]",0.0,-2.150148030655337
"[1, 5, 0, 2]",0.0,-2.3551805959456886
"[3, 2, 1, 3]",-2.3083594216894707,-2.2482820144066666
"[2, 1, 1, 3]",-2.748446320845236,-2.636494916940959
"[8, 6, 1, 0]",0.0,-0.018650717449067423
"[7, 5, 1, 1]",0.0,-0.10545776317320377
"[6, 4, 1, 2]",0.0,-0.43892352689946207
"[1, 0, 0, 0]",0.0,-4.128162570888511
"[0, 8, 0, 1]",0.0,-2.2377925470627567
"[3, 6, 1, 0]",0.0,-1.4627933735318606
"[2, 5, 1, 1]",0.0,-2.727380940420526
"[1, 4, 1, 2]",0.0,-4.0392272260432245
"[3, 8, 0, 1]",0.0,-1.4303032031216893
"[2, 7, 0, 2]",-0.1770054300727416,-1.753959696137652
"[5, 4, 1, 0]",0.0,-0.42172063727667297
"[4, 3, 1, 1]",0.0,-0.943473739120027
"[3, 2, 1, 2]",0.0,-1.8003045473907948
"[4, 8, 1, 0]",0.0,-0.32961398462744007
"[3, 7, 1, 1]",0.0,-0.8484749667838573
"[2, 6, 1, 2]",0.0,-1.9263193622051453
"[0, 8, 1, 0]",0.0,-1.462183363567664
"[7, 4, 1, 0]",0.0,-1.5833088224869336
"[6, 3, 1, 1]",0.0,-1.7855703504930658
"[5, 2, 1, 2]",0.0,-1.9860863509604945
"[8, 3, 1, 0]",0.0,-1.4817873264478705
"[7, 2, 1, 1]",0.0,-1.8190969937043209
"[6, 1, 1, 2]",0.0,-1.9748004195447972
"[2, 6, 0, 0]",0.0,-2.2127581282854205
"[8, 7, 1, 1]",0.0,-0.0034738993432332603
"[7, 6, 1, 2]",0.0,-0.031134841631067812
"[6, 1, 1, 0]",0.0,-2.7165070544520495
"[3, 8, 1, 1]",0.0,-0.4530034602220222
"[2, 7, 1, 2]",0.0,-0.9517701822264796
"[7, 2, 1, 0]",0.0,-1.9752472727450479
"[6, 1, 1, 1]",0.0,-2.3014047636972643
"[5, 6, 0, 2]",0.0,-0.2779855146113378
"[8, 3, 1, 1]",0.0,-1.332128938796439
"[7, 2, 1, 2]",0.0,-1.6594589867801806
"[6, 5, 1, 0]",0.0,-0.5655023000917857
"[5, 4, 1, 1]",0.0,-1.0203876874300812
"[4, 3, 1, 2]",0.0,-1.6478437807557964
"[3, 8, 1, 0]",0.0,-0.014812984151666368
"[2, 7, 1, 1]",0.0,-0.16749563410370527
"[1, 6, 1, 2]",0.0,-1.0753076663076948
"[7, 6, 1, 0]",0.0,-0.4443641383402792
"[6, 5, 1, 1]",0.0,-0.7120627595902751
"[5, 4, 1, 2]",0.0,-1.108806816025133
"[3, 8, 0, 0]",0.0,-1.2119561985281417
"[2, 7, 0, 1]",0.0,-1.7031447169450662
"[1, 6, 0, 2]",0.0,-2.158693894931801
"[8, 7, 0, 1]",0.0,-0.2581149338398049
"[7, 6, 0, 2]",0.0,-0.38953733228428683
"[6, 7, 0, 1]",0.0,-0.23395954625604684
"[2, 3, 1, 0]",0.0,-1.6398918161263414
"[1, 2, 1, 1]",0.0,-3.5360257612033594
"[7, 8, 0, 0]",0.0,-0.14408450199
"[1, 1, 0, 2]",0.0,-1.1173922713860849
