"[9, 9, 0, 0]",0.0,-0.3969399967043994
"[9, 9, 0, 1]",0.0,-0.5010845619304851
"[9, 9, 0, 2]",0.0,-0.755946615530847
"[9, 9, 0, 3]",-0.5030535458272231,-0.7769280885507178
"[9, 9, 1, 0]",0.0,-0.5522909467092467
"[9, 9, 1, 1]",0.0,-0.5532316248770718
"[9, 9, 1, 2]",0.0,-0.5423012390814008
"[9, 9, 1, 3]",-0.1296250273110109,-0.6417098244202117
"[8, 9, 0, 3]",-0.36660306237019585,-0.787052989850963
"[7, 9, 0, 3]",-0.0391959652450445,-0.5920897021607335
"[6, 9, 0, 3]",-0.38909075429228257,-0.7412554266504389
"[5, 9, 1, 0]",0.0,-0.4117988373021292
"[4, 9, 1, 1]",0.0,-0.424448623620702
"[3, 9, 1, 2]",0.0,-0.4690067608381565
"[2, 8, 1, 3]",-0.013152806825779762,-0.25416840084670983
"[1, 7, 0, 0]",0.0,-0.3040493239811656
"[0, 6, 0, 1]",0.0,-0.30405679874410163
"[9, 5, 0, 2]",0.0,-0.5252972434129584
"[8, 4, 0, 3]",-0.12416313990197707,-0.2816206994343479
"[7, 3, 1, 0]",0.0,-0.12416313990197707
"[6, 2, 1, 1]",0.0,-0.12416313990197707
"[5, 1, 1, 2]",0.0,-0.2924570800223815
"[4, 0, 1, 3]",-0.17285669938614528,-0.4020805387210893
"[3, 9, 0, 0]",0.0,-0.41412101565001785
"[2, 9, 0, 1]",0.0,-0.4353788932954416
"[1, 9, 0, 2]",0.0,-1.0814644168076737
"[0, 9, 0, 3]",-0.9999825730661899,-0.7690942639232315
"[0, 9, 1, 0]",0.0,-0.9999999999999996
"[0, 9, 1, 1]",0.0,-0.9999999999999996
"[0, 9, 1, 2]",0.0,-1.899999999999914
"[0, 9, 1, 3]",-0.9999999999999996,-1.8999999999945516
"[9, 8, 0, 0]",0.0,-0.4238375524328507
"[9, 7, 0, 1]",0.0,-0.43228551648669183
"[9, 6, 0, 2]",0.0,-0.5478752726222444
"[9, 5, 0, 3]",-0.12536890703819098,-0.5052284071733906
"[9, 4, 1, 0]",0.0,-0.1332380266674239
"[9, 3, 1, 1]",0.0,-0.13456635773979397
"[9, 2, 1, 2]",0.0,-0.2351940760655638
"[9, 1, 1, 3]",-0.15063037022666506,-0.31774676810987673
"[9, 0, 1, 3]",-0.39409636832793027,-0.4746860081465863
"[8, 6, 0, 2]",0.0,-0.6294107550408148
"[7, 5, 0, 3]",-0.24132983540647412,-0.27692966255423473
"[6, 4, 0, 3]",-0.09357245154300221,-0.3745350533686902
"[5, 3, 1, 0]",0.0,-0.09357245154300221
"[4, 2, 1, 1]",0.0,-0.0942794165920173
"[3, 1, 1, 2]",0.0,-0.3115173147606626
"[2, 0, 1, 3]",-0.1276759885385372,-0.6451948647559308
"[1, 0, 1, 3]",-0.14928561596382045,-1.1279755704694014
"[0, 0, 1, 3]",-0.9999999999999996,-1.899335973274155
"[9, 8, 0, 3]",-0.021394897084812334,-0.29499434167309596
"[9, 7, 0, 3]",-0.0015684127329629643,-0.4615715207673186
"[9, 6, 1, 0]",0.0,-0.025134663438729107
"[9, 5, 1, 1]",0.0,-0.030080739119080525
"[9, 4, 1, 2]",0.0,-0.11960775041488814
"[9, 3, 1, 3]",-0.03766076467454952,-0.3815529369969679
"[9, 2, 1, 3]",-0.3230092144029256,-0.3210015911942736
"[9, 1, 0, 0]",0.0,-0.5047229839757315
"[9, 0, 0, 1]",0.0,-0.9999999999999996
"[8, 9, 1, 2]",0.0,-0.25919866759391663
"[7, 9, 1, 3]",-2.5597622497896263e-05,-0.28924656163925555
"[6, 9, 1, 3]",-0.024208094093807444,-0.29369382229123725
"[5, 9, 1, 3]",-0.0010775282156316286,-0.34316107829484915
"[4, 9, 1, 3]",-0.15996612515258254,-0.2736845758964136
"[8, 9, 1, 3]",-0.0007896300504205561,-0.3412379803710851
"[7, 9, 0, 0]",0.0,-0.04426284730011788
"[6, 9, 0, 1]",0.0,-0.2649551395440418
"[5, 9, 0, 2]",0.0,-0.5792453094879665
"[4, 9, 0, 3]",-0.1382730784571973,-0.5504284246753217
"[3, 9, 1, 0]",0.0,-0.1392453296506158
"[2, 8, 1, 1]",0.0,-0.18480289586075913
"[1, 7, 1, 2]",0.0,-1.1657888417716897
"[0, 6, 1, 3]",-0.9999999999999992,-1.7854023837059203
"[0, 5, 1, 3]",-0.9999999999995579,-1.6841395058256798
"[9, 4, 0, 0]",0.0,-0.1506809775740088
"[9, 3, 0, 1]",0.0,-0.1800308775170041
"[9, 2, 0, 2]",0.0,-0.287368972229863
"[9, 1, 0, 3]",-0.13620303016552868,-1.5945070793946259
"[9, 0, 0, 3]",-0.9999999999999996,-1.2348223849116644
"[9, 8, 0, 2]",0.0,-0.1654631170012642
"[3, 9, 0, 3]",-0.31037618264015593,-0.6990785869355737
"[2, 9, 1, 0]",0.0,-0.3306969120812219
"[1, 9, 1, 1]",0.0,-0.33453883011438074
"[1, 9, 0, 0]",0.0,-0.19560179010203896
"[0, 8, 0, 1]",0.0,-0.21268923583029448
"[9, 7, 0, 2]",0.0,-0.4871554625963775
"[9, 6, 0, 3]",-0.1717517948431141,-0.35031093225205445
"[9, 4, 0, 3]",-0.10112715108720519,-0.31677115486359414
"[9, 3, 1, 0]",0.0,-0.09544822458891908
"[9, 2, 1, 1]",0.0,-0.1083916820289163
"[9, 1, 1, 2]",0.0,-0.3494796663605587
"[8, 9, 0, 2]",0.0,-0.2205576302527126
"[6, 9, 1, 0]",0.0,-0.046366810519627585
"[5, 9, 1, 1]",0.0,-0.022890666566657277
"[4, 9, 1, 2]",0.0,-0.06767510008249164
"[3, 9, 1, 3]",-0.02123340843878459,-0.16676038283498484
"[2, 9, 1, 3]",-0.018919825513750724,-0.4566413413617231
"[0, 9, 0, 1]",0.0,-0.22572246068336782
"[9, 8, 1, 1]",0.0,-0.2285662569998235
"[9, 7, 1, 2]",0.0,-0.3656180683558618
"[9, 6, 1, 3]",-0.08567593967390244,-0.45360667682784805
"[9, 5, 0, 0]",0.0,-0.2626039692853664
"[9, 4, 0, 1]",0.0,-0.298879328091419
"[9, 3, 0, 2]",0.0,-0.46965936089014243
"[9, 2, 0, 3]",-0.16786414563915125,-0.6862699993871068
"[9, 1, 1, 0]",0.0,-0.21329213524305582
"[9, 0, 1, 1]",0.0,-0.37690364160952833
"[9, 0, 1, 2]",0.0,-0.5725462543547396
"[9, 7, 1, 0]",0.0,-0.021395851119280808
"[9, 6, 1, 1]",0.0,-0.04579100277773172
"[9, 5, 1, 2]",0.0,-0.1328336990945757
"[9, 4, 1, 3]",-0.06298193997219276,-0.4460654163679159
"[9, 3, 0, 0]",0.0,-0.26826793420822376
"[9, 2, 0, 1]",0.0,-0.25290933374701363
"[8, 1, 0, 2]",0.0,-1.2428837615867883
"[7, 0, 0, 3]",-0.9983826907300771,-1.0153365644677954
"[6, 0, 1, 0]",0.0,-0.6881049066657244
"[5, 0, 1, 1]",0.0,-0.5562378738926019
"[4, 0, 1, 2]",0.0,-0.8490639252462315
"[3, 0, 1, 3]",-0.38564185127872463,-0.4098849852588849
"[8, 9, 0, 0]",0.0,-0.15044101346381705
"[7, 9, 0, 1]",0.0,-0.3325739752751259
"[6, 9, 0, 2]",0.0,-0.61781269737332
"[5, 8, 0, 3]",-0.09378183004807061,-0.24746128699867803
"[4, 7, 1, 0]",0.0,-0.10495981853463579
"[3, 6, 1, 1]",0.0,-0.10919893436215741
"[2, 5, 1, 2]",0.0,-0.1302730316688867
"[1, 4, 1, 3]",-0.009847709021836114,-0.3845482338575525
"[0, 3, 0, 0]",0.0,-0.014740439633036149
"[9, 1, 0, 2]",0.0,-1.28652500288591
"[8, 0, 0, 3]",-0.9969567472778297,-1.0034818002747357
"[5, 9, 0, 3]",-0.4698089579108957,-0.3919655804992487
"[2, 9, 1, 1]",0.0,-0.16482965884163553
"[1, 9, 1, 2]",0.0,-1.0983222548445657
"[6, 9, 0, 0]",0.0,-0.13723487692099706
"[5, 9, 0, 1]",0.0,-0.18942399247211292
"[4, 9, 0, 2]",0.0,-0.5379577358065667
"[2, 9, 0, 3]",-0.3212571060842423,-0.5330105874583829
"[1, 9, 0, 3]",-0.1854940522567487,-0.6573469399143681
"[8, 9, 1, 0]",0.0,-0.07953565098676349
"[7, 9, 1, 1]",0.0,-0.0795573682841933
"[6, 9, 1, 2]",0.0,-0.09342281964085712
"[4, 9, 0, 0]",0.0,-0.1151523324008578
"[3, 9, 0, 1]",0.0,-0.1515724458415575
"[2, 9, 0, 2]",0.0,-0.36089210211293615
"[0, 8, 1, 1]",0.0,-0.9999999191669505
"[0, 7, 1, 2]",0.0,-1.8999999993676817
"[8, 0, 1, 2]",0.0,-0.4320007600328226
"[7, 0, 1, 3]",-0.08187568503107913,-0.7780072576557711
"[1, 9, 1, 0]",0.0,-0.3467706665212813
"[2, 8, 0, 0]",0.0,-0.14089404896714752
"[1, 7, 0, 1]",0.0,-0.19303082938640917
"[0, 6, 0, 2]",0.0,-0.28955936000380184
"[9, 0, 0, 0]",0.0,-0.9999999999999996
"[7, 9, 1, 0]",0.0,-0.37036186096931695
"[6, 9, 1, 1]",0.0,-0.32739366869404124
"[5, 9, 1, 2]",0.0,-0.3987267866648324
"[1, 8, 0, 0]",0.0,-0.35270215815434847
"[0, 7, 0, 1]",0.0,-0.4018990764544043
"[8, 9, 0, 1]",0.0,-0.30361441255335253
"[7, 9, 0, 2]",0.0,-0.5938725682039545
"[1, 8, 1, 3]",-0.007761976131086577,-0.5719911619639927
"[0, 7, 1, 3]",-0.9999999999999966,-1.7659018175743444
"[0, 4, 1, 3]",-0.9999999999970548,-1.747078781291165
"[0, 3, 1, 3]",-0.9999999999999996,-1.766674047291517
"[0, 2, 1, 3]",-0.9999999999976144,-1.7201530053906637
"[0, 1, 1, 3]",-0.9999999999999792,-1.7312830502666505
"[9, 5, 0, 1]",0.0,-0.29484070637351656
"[9, 4, 0, 2]",0.0,-0.4317392569426229
"[9, 3, 0, 3]",-0.16030262713576576,-0.4873536210526757
"[9, 2, 1, 0]",0.0,-0.22269777090838827
"[9, 1, 1, 1]",0.0,-0.22273509052987886
"[2, 9, 0, 0]",0.0,-0.18253430535846782
"[1, 9, 0, 1]",0.0,-0.2390198850925152
"[0, 9, 0, 2]",0.0,-0.5303775743089905
"[9, 8, 0, 1]",0.0,-0.45489028899277445
"[9, 5, 1, 0]",0.0,-0.17331163006122982
"[9, 4, 1, 1]",0.0,-0.18832417898308149
"[9, 3, 1, 2]",0.0,-0.40108744980756755
"[9, 0, 1, 0]",0.0,-0.3948201267076706
"[8, 0, 0, 0]",0.0,-0.9999238226519541
"[4, 9, 1, 0]",0.0,-0.5572393947821803
"[3, 9, 1, 1]",0.0,-0.5583693986882086
"[2, 9, 1, 2]",0.0,-0.5855362360216716
"[1, 9, 1, 3]",-0.07366103420267825,-1.1458791809297306
"[0, 9, 0, 0]",0.0,-0.07467009987688579
"[9, 8, 1, 3]",-0.15941733432473276,-0.3691973545057935
"[9, 7, 1, 3]",-0.07423105409760533,-0.40047440109852894
"[9, 6, 0, 0]",0.0,-0.27341514751011764
"[0, 8, 0, 0]",0.0,-0.0007855167211278942
"[8, 2, 1, 2]",0.0,-0.07367596083621229
"[7, 1, 1, 3]",0.0,-0.1923569822323632
"[6, 0, 1, 3]",-0.5656759843793572,-0.38161903855150203
"[5, 0, 1, 3]",-0.1876494619147575,-0.4241929699145726
"[9, 7, 0, 0]",0.0,-0.4065767693876388
"[9, 6, 0, 1]",0.0,-0.41310968118428903
"[8, 0, 1, 3]",-0.17841686154873632,-0.6885719161343863
"[9, 5, 1, 3]",-0.009435606820163015,-0.2005330861980417
"[7, 8, 0, 1]",0.0,-0.04190586691470557
"[6, 7, 0, 2]",0.0,-0.09047881627601234
"[5, 6, 0, 3]",-0.018443147349992417,-0.1531441
"[4, 5, 0, 3]",-0.05366161193139,-0.29186628985770435
"[3, 4, 0, 3]",-0.1663583588926944,-0.2792877232055104
"[2, 3, 1, 0]",0.0,-0.1663583588926944
"[1, 2, 1, 1]",0.0,-0.1663583588926944
"[0, 1, 1, 2]",0.0,-1.8999999999551953
"[6, 8, 0, 1]",0.0,-0.11690564125926282
"[5, 7, 0, 2]",0.0,-0.35212293071846645
"[4, 6, 0, 3]",-0.20781883700840934,-0.29874733197119696
"[3, 5, 1, 0]",0.0,-0.20781883700840934
"[2, 4, 1, 1]",0.0,-0.2412141395993866
"[1, 3, 1, 2]",0.0,-1.1332118041157984
"[9, 2, 0, 0]",0.0,-0.2641265102427388
"[9, 1, 0, 1]",0.0,-0.30716255715600727
"[9, 0, 0, 2]",0.0,-1.2068234132812021
"[4, 8, 0, 3]",0.0,-0.007540315550499325
"[3, 7, 1, 0]",0.0,-0.0007855167211278942
"[2, 6, 1, 1]",0.0,-0.0007855167211278942
"[1, 5, 1, 2]",0.0,-0.9924614041743013
"[1, 3, 0, 0]",0.0,-0.28037788415196396
"[0, 2, 0, 1]",0.0,-0.3139651136367675
"[8, 9, 1, 1]",0.0,-0.36912933713097484
"[7, 9, 1, 2]",0.0,-0.40680857160933226
"[5, 9, 0, 0]",0.0,-0.12755467210317128
"[4, 9, 0, 1]",0.0,-0.1877744586409923
"[3, 9, 0, 2]",0.0,-0.49481822802634307
"[5, 8, 0, 1]",0.0,-0.11629358023099803
"[4, 7, 0, 2]",0.0,-0.2185967655460205
"[3, 6, 0, 3]",-0.010511668284124847,-0.27692452391855493
"[2, 5, 1, 0]",0.0,-0.010511668284124847
"[1, 4, 1, 1]",0.0,-0.010511668284124847
"[0, 3, 1, 2]",0.0,-1.8999999968227927
"[0, 8, 1, 2]",0.0,-1.8999999999925643
"[6, 8, 1, 3]",0.0,-0.09
"[5, 7, 1, 3]",0.0,-0.28
"[4, 6, 0, 0]",0.0,-0.19894316061308942
"[3, 5, 0, 1]",0.0,-0.296940208246782
"[2, 4, 0, 2]",0.0,-0.4298607415075439
"[1, 3, 0, 3]",-0.19332705526956667,-0.38658774124031875
"[0, 2, 0, 3]",-0.612579511,-0.5499142845331091
"[1, 8, 0, 3]",-0.03195370129870223,-0.16512000051004663
"[0, 7, 0, 3]",-0.468559,-0.21031366292159903
"[0, 6, 1, 0]",0.0,-0.9999999002061117
"[0, 5, 1, 1]",0.0,-0.9999999985249581
"[0, 4, 1, 2]",0.0,-1.899999999995078
"[9, 8, 1, 2]",0.0,-0.5453177113076205
"[1, 5, 0, 0]",0.0,-0.32908541301284383
"[0, 4, 0, 1]",0.0,-0.3291136127330185
"[0, 2, 1, 0]",0.0,-0.9999858841836138
"[0, 1, 1, 1]",0.0,-0.9999973843107253
"[0, 0, 1, 2]",0.0,-1.8999999999999986
"[8, 2, 1, 3]",0.0,-0.081
"[6, 0, 0, 0]",0.0,-0.9999997137939237
"[0, 8, 1, 3]",-0.999999999980378,-1.645800993168441
"[8, 5, 0, 1]",0.0,-0.28185571391493447
"[7, 4, 0, 2]",0.0,-0.3719300275344289
"[6, 3, 0, 3]",-0.08867040030532548,-0.4177497657492882
"[5, 2, 0, 3]",-0.2906596692100062,-0.5905627129372882
"[4, 1, 1, 0]",0.0,-0.2906596692100062
"[3, 0, 1, 1]",0.0,-0.5305043364542471
"[2, 0, 1, 2]",0.0,-0.6107454489193112
"[6, 8, 1, 2]",0.0,-0.1418677915609685
"[4, 6, 1, 3]",-0.1256702985615746,-0.18595045777224475
"[3, 5, 1, 3]",-0.17099999999999999,-0.06959459129911902
"[2, 4, 1, 3]",-0.006723407575150056,-0.20606293811965248
"[8, 0, 1, 1]",0.0,-0.4746459455098535
"[7, 0, 1, 2]",0.0,-0.7004289521731161
"[0, 8, 0, 2]",0.0,-0.11851356473552534
"[8, 5, 1, 2]",0.0,0.0
"[7, 4, 1, 3]",0.0,0.0
"[6, 3, 1, 3]",0.0,-0.059049
"[5, 2, 1, 3]",0.0,-0.008100000000000001
"[4, 1, 0, 0]",0.0,-0.1271452087661844
"[3, 0, 0, 1]",0.0,-0.9986899794913624
"[3, 8, 0, 3]",-0.042980617978399575,-0.3053660014806317
"[2, 7, 0, 3]",-0.12124399772865252,-0.17035646339708585
"[1, 6, 0, 3]",-0.0320173281531136,-0.444290664110333
"[0, 5, 0, 3]",-0.7458134171671,-0.2478989030218626
"[0, 4, 1, 0]",0.0,-0.9999973843107253
"[0, 3, 1, 1]",0.0,-0.9999999272502554
"[0, 2, 1, 2]",0.0,-1.8999999999526527
"[2, 8, 0, 3]",-0.09893366431897178,-0.11557246290604646
"[1, 7, 1, 0]",0.0,-0.09893366431897178
"[0, 6, 1, 1]",0.0,-0.9999999652040227
"[0, 5, 1, 2]",0.0,-1.8999999965970045
"[5, 8, 1, 1]",0.0,-0.37128235918258806
"[4, 7, 1, 2]",0.0,-0.37128235918258806
"[3, 6, 1, 3]",0.0,-0.1729
"[2, 5, 1, 3]",0.0,-0.009000000000000001
"[1, 4, 0, 0]",0.0,-0.11438727611746428
"[0, 3, 0, 1]",0.0,-0.20662482465514606
"[8, 2, 0, 1]",0.0,-0.5324078335263189
"[7, 1, 0, 2]",0.0,-1.4661553954058413
"[6, 0, 0, 3]",-0.9999885661887271,-1.0935499453354316
"[8, 4, 0, 0]",0.0,-0.1317930366418418
"[7, 3, 0, 1]",0.0,-0.2570890806798919
"[6, 2, 0, 2]",0.0,-0.4649693372642333
"[5, 1, 0, 3]",-0.23118290400892813,-0.5387516797604279
"[4, 0, 1, 0]",0.0,-0.6051435476887949
"[0, 8, 1, 0]",0.0,-0.9997302783944093
"[0, 7, 1, 1]",0.0,-0.9999980931625188
"[0, 6, 1, 2]",0.0,-1.8999999997503838
"[7, 3, 0, 3]",-0.18300368845498494,-0.2504960216912598
"[6, 2, 0, 3]",-0.04512455507605115,-0.2279192858135549
"[5, 1, 1, 0]",0.0,-0.04512455507605115
"[4, 0, 1, 1]",0.0,-0.5572626847874209
"[3, 0, 1, 2]",0.0,-0.5518176252778088
"[0, 8, 0, 3]",-0.40951,-0.2575654900760326
"[0, 7, 1, 0]",0.0,-0.9994360791266039
"[4, 8, 1, 2]",0.0,-0.3173419552331472
"[3, 7, 1, 3]",-0.10089529980179295,-0.21345708071157374
"[2, 6, 1, 3]",-0.0008024655440947872,-0.12864626839067228
"[8, 6, 1, 0]",0.0,-0.0042391158275216214
"[7, 5, 1, 1]",0.0,-0.0042391158275216214
"[6, 4, 1, 2]",0.0,-0.0042391158275216214
"[5, 3, 1, 3]",0.0,-0.08170119440099999
"[4, 2, 1, 3]",-0.09,-0.025418658283290006
"[3, 1, 1, 3]",0.0,-0.19343377096290407
"[2, 0, 0, 0]",0.0,-0.9999153585021714
"[9, 8, 1, 0]",0.0,-0.005815843534964296
"[9, 7, 1, 1]",0.0,-0.005815843932947243
"[9, 6, 1, 2]",0.0,-0.028830935775683162
"[8, 5, 0, 2]",0.0,-0.43880654570717004
"[7, 4, 0, 3]",-0.040978560292876685,-0.3126605965787697
"[6, 3, 1, 0]",0.0,-0.040978560292876685
"[5, 2, 1, 1]",0.0,-0.040978560292876685
"[4, 1, 1, 2]",0.0,-0.2591099149984822
"[5, 2, 1, 0]",0.0,-0.08877651196652514
"[4, 1, 1, 1]",0.0,-0.08877651196652514
"[4, 8, 0, 2]",0.0,-0.07267658103104885
"[3, 7, 0, 3]",-0.0005726416897022348,-0.14415983139481653
"[2, 6, 1, 0]",0.0,-0.0005726416897022348
"[1, 5, 1, 1]",0.0,-0.0005726416897022348
"[2, 8, 1, 0]",0.0,-0.0018356972829925095
"[1, 7, 1, 1]",0.0,-0.0018356972829925095
"[1, 1, 0, 0]",0.0,-0.77123207545039
"[0, 0, 0, 1]",0.0,-0.77123207545039
"[2, 5, 0, 3]",-0.19856676060350648,-0.3758278744483729
"[1, 4, 0, 3]",-0.13977398559165818,-0.345011407135492
"[0, 3, 0, 3]",-0.7175704635189999,-0.39510779289924314
"[8, 5, 0, 3]",-0.20731974098267722,-0.24594006640293575
"[3, 8, 1, 0]",0.0,0.0
"[2, 7, 1, 1]",0.0,-0.006461081889226675
"[1, 6, 1, 2]",0.0,-0.8734791614085438
"[7, 8, 0, 3]",0.0,-0.1886021210661198
"[6, 7, 0, 3]",-0.19,-0.25072915858328837
"[5, 6, 1, 0]",0.0,-0.19
"[4, 5, 1, 1]",0.0,-0.271
"[3, 4, 1, 2]",0.0,-0.31099865828329
"[2, 3, 1, 3]",-0.0729,-0.1
"[1, 2, 0, 0]",0.0,-0.7916148932561649
"[0, 1, 0, 1]",0.0,-0.7916148932561649
"[8, 6, 0, 1]",0.0,-0.27603332736430647
"[7, 5, 0, 2]",0.0,-0.46528740037269883
"[5, 3, 0, 3]",-0.1603331297438298,-0.27532186123207814
"[4, 2, 1, 0]",0.0,-0.16217759281201746
"[3, 1, 1, 1]",0.0,-0.16217759281201746
"[4, 0, 0, 3]",-0.9852191170585654,-0.9908591399467916
"[3, 0, 1, 0]",0.0,-0.6326814206556218
"[2, 0, 1, 1]",0.0,-0.45785087838199023
"[1, 0, 1, 2]",0.0,-1.3383723005863934
"[8, 1, 1, 1]",0.0,-0.021028984412653856
"[7, 8, 1, 0]",0.0,0.0
"[6, 7, 1, 1]",0.0,-0.005233476330273604
"[5, 6, 1, 2]",0.0,-0.018166966385278767
"[4, 5, 1, 3]",-0.0038152042447694577,-0.081
"[3, 4, 1, 3]",0.0,0.0
"[2, 3, 0, 0]",0.0,-0.32383514890000004
"[1, 2, 0, 1]",0.0,-0.36779063401000006
"[0, 1, 0, 2]",0.0,-1.1817261495947802
"[8, 3, 0, 3]",-0.3457086116552626,-0.3037341201759318
"[7, 2, 0, 3]",-0.10304310088690896,-0.3445844346517845
"[6, 1, 1, 0]",0.0,-0.10304310088690896
"[1, 7, 1, 3]",-0.023048664122802428,-0.7904374616502146
"[0, 6, 0, 0]",0.0,-0.023046479377797146
"[7, 8, 1, 1]",0.0,-0.07225091291240088
"[6, 7, 1, 2]",0.0,-0.07225091291240088
"[5, 6, 1, 3]",0.0,-0.06791843295688284
"[4, 5, 0, 0]",0.0,-0.036557614585615926
"[3, 4, 0, 1]",0.0,-0.04102664400943834
"[2, 3, 0, 2]",0.0,-0.25514642472621024
"[1, 2, 0, 3]",-0.11245121548762814,-0.4114296860995598
"[0, 1, 1, 0]",0.0,-0.9998407320891148
"[0, 0, 1, 1]",0.0,-0.9999999999999263
"[8, 1, 0, 0]",0.0,-0.17964376479660055
"[7, 0, 0, 1]",0.0,-0.9995889016832943
"[6, 1, 0, 2]",0.0,-1.0776392665433008
"[5, 0, 0, 3]",-0.9969567472778297,-1.0123087534885165
"[5, 4, 0, 0]",0.0,-0.0679119381196525
"[4, 3, 0, 1]",0.0,-0.16533254340661846
"[3, 2, 0, 2]",0.0,-0.45161796203858906
"[2, 1, 0, 3]",-0.5466810721497957,-0.6017010503356459
"[1, 0, 0, 3]",-0.999140495544283,-1.0032750757505742
"[0, 0, 1, 0]",0.0,-0.9999960132765209
"[8, 7, 0, 2]",0.0,-0.27523920187943157
"[7, 6, 0, 3]",-0.23033116210946492,-0.20341372566357127
"[6, 5, 1, 0]",0.0,-0.23033116210946492
"[5, 4, 1, 1]",0.0,-0.23033116210946492
"[4, 3, 1, 2]",0.0,-0.23033116210946492
"[3, 2, 1, 3]",0.0,-0.009000000000000001
"[2, 1, 0, 0]",0.0,-0.3897484432692274
"[1, 0, 0, 1]",0.0,-0.9721871610556309
"[8, 4, 0, 2]",0.0,-0.581225919286428
"[7, 4, 0, 1]",0.0,-0.2828348411931143
"[6, 3, 0, 2]",0.0,-0.42100008146030515
"[8, 0, 0, 1]",0.0,-0.9997003093271216
"[1, 8, 1, 1]",0.0,-0.4398376241335851
"[8, 1, 0, 1]",0.0,-0.4625220587376737
"[7, 0, 0, 2]",0.0,-1.2161614239775966
"[8, 3, 0, 1]",0.0,-0.15997820291404596
"[7, 2, 0, 2]",0.0,-0.44624160108595323
"[6, 1, 0, 3]",-0.4063160810581379,-0.6095739591401907
"[2, 8, 0, 2]",0.0,-0.1908615901890586
"[1, 7, 0, 3]",-0.04311741869100934,-0.3567196647802963
"[8, 7, 1, 0]",0.0,-0.01703701948874444
"[7, 6, 1, 1]",0.0,-0.01703701948874444
"[6, 5, 1, 2]",0.0,-0.01703701948874444
"[5, 4, 1, 3]",0.0,-0.09
"[4, 3, 0, 0]",0.0,-0.15194316685482157
"[3, 2, 0, 1]",0.0,-0.22067851675570255
"[2, 1, 0, 2]",0.0,-1.127404724155169
"[4, 8, 0, 0]",0.0,-0.05438729543720891
"[3, 7, 0, 1]",0.0,-0.1304504434975216
"[2, 6, 0, 2]",0.0,-0.25583534672475494
"[1, 5, 0, 3]",-0.15487639919883783,-0.40962092736945194
"[0, 4, 0, 3]",-0.7175704635189999,-0.3103734512864466
"[8, 4, 1, 2]",0.0,-0.00663094327440904
"[7, 3, 1, 3]",0.0,-0.09
"[6, 2, 1, 3]",0.0,-0.19
"[5, 1, 1, 3]",0.0,-0.14286014730164034
"[4, 0, 0, 0]",0.0,-0.9999984554616403
"[8, 6, 0, 3]",-0.03961176626032505,-0.45651201852928697
"[7, 5, 1, 0]",0.0,-0.03961176626032505
"[6, 4, 1, 1]",0.0,-0.07099282586932505
"[5, 3, 1, 2]",0.0,-0.10121278627279208
"[8, 1, 1, 2]",0.0,-0.4214814412840281
"[8, 3, 1, 3]",0.0,-0.009004196253367517
"[7, 2, 0, 0]",0.0,-0.1056368660630643
"[6, 1, 0, 1]",0.0,-0.4144703151480019
"[5, 0, 0, 2]",0.0,-1.277109468123018
"[4, 8, 0, 1]",0.0,-0.06912462300452821
"[3, 7, 0, 2]",0.0,-0.20537268249561252
"[2, 6, 0, 3]",-0.06947831891822827,-0.2794076003602346
"[1, 5, 1, 0]",0.0,-0.06947831891822827
"[0, 4, 1, 1]",0.0,-0.9999991791689895
"[5, 8, 0, 2]",0.0,-0.016999841974280287
"[4, 7, 0, 3]",-0.00041745579179292914,-0.08821654496609521
"[4, 8, 1, 1]",0.0,-0.09647823576030488
"[3, 7, 1, 2]",0.0,-0.10129449354261721
"[1, 5, 1, 3]",-4.1109831670569654e-05,-0.41327555413452577
"[0, 4, 0, 0]",0.0,-3.699884850351269e-05
"[8, 5, 1, 3]",0.0,0.0
"[7, 4, 0, 0]",0.0,-0.3116213051714288
"[6, 3, 0, 1]",0.0,-0.3116213051714288
"[5, 2, 0, 2]",0.0,-0.872095068824762
"[4, 1, 0, 3]",-0.4139468282149449,-0.7114554263677254
"[3, 0, 0, 3]",-0.9892247363356941,-1.0366802376870772
"[2, 0, 1, 0]",0.0,-0.3812532907621131
"[1, 0, 1, 1]",0.0,-0.2672412744749861
"[1, 8, 1, 2]",0.0,-1.108856106447577
"[2, 7, 1, 0]",0.0,-0.042980617978399575
"[1, 6, 1, 1]",0.0,-0.042980617978399575
"[8, 3, 1, 2]",0.0,-0.14152610862808887
"[7, 2, 1, 3]",-0.059049000000000004,-0.10916541672769742
"[6, 1, 0, 0]",0.0,-0.10831615129755026
"[5, 0, 0, 1]",0.0,-0.9774716004550609
"[7, 8, 1, 3]",0.0,-0.1
"[6, 7, 0, 0]",0.0,-0.0321663301575806
"[5, 6, 0, 1]",0.0,-0.06870399321049467
"[4, 5, 0, 2]",0.0,-0.29197505655679173
"[2, 3, 0, 3]",-0.13953340636496098,-0.3608581912387271
"[0, 1, 0, 3]",-0.9866972053527088,-1.0145325312117928
"[0, 6, 0, 3]",-0.6125795110000001,-0.2954291660100976
"[3, 5, 0, 3]",-0.17019415430119694,-0.38652524870218297
"[2, 4, 1, 0]",0.0,-0.17090111935021202
"[1, 3, 1, 1]",0.0,-0.17090111935021202
"[2, 6, 0, 0]",0.0,-0.197157320958275
"[1, 5, 0, 1]",0.0,-0.24369156192614747
"[0, 4, 0, 2]",0.0,-0.37332080644834453
"[2, 4, 0, 0]",0.0,-0.49613088060900007
"[1, 3, 0, 1]",0.0,-0.605579411963961
"[0, 2, 0, 2]",0.0,-0.8109729129638654
"[8, 4, 1, 3]",0.0,0.0
"[5, 8, 0, 0]",0.0,-0.19171260943966623
"[4, 7, 0, 1]",0.0,-0.19171260943966623
"[3, 6, 0, 2]",0.0,-0.3982622186796763
"[0, 3, 1, 0]",0.0,-0.9999825730661898
"[0, 2, 1, 1]",0.0,-0.9999999961926593
"[8, 0, 1, 0]",0.0,-0.518084147586415
"[7, 0, 1, 1]",0.0,-0.21662687252698426
"[6, 0, 1, 2]",0.0,-0.24182796891474512
"[2, 8, 0, 1]",0.0,-0.1592628608825284
"[1, 7, 0, 2]",0.0,-0.3824191607423156
"[0, 5, 1, 0]",0.0,-0.9982029897000855
"[8, 7, 0, 3]",-0.03153101212261613,-0.1718683863228
"[7, 6, 1, 0]",0.0,-0.03153101212261613
"[6, 5, 1, 1]",0.0,-0.03153101212261613
"[5, 4, 1, 2]",0.0,-0.06241468193681349
"[4, 3, 1, 3]",-0.020589113209464906,-0.1
"[2, 1, 1, 3]",-0.07423377690976893,-0.21920670060226904
"[1, 0, 0, 0]",0.0,-0.9966186080864773
"[6, 7, 1, 3]",0.0,-0.19
"[5, 6, 0, 0]",0.0,-0.12193042690939636
"[4, 5, 0, 1]",0.0,-0.12193042690939636
"[3, 4, 0, 2]",0.0,-0.3093319737159231
"[1, 2, 1, 0]",0.0,-0.13953340636496098
"[8, 1, 1, 0]",0.0,-0.0381422282651936
"[8, 2, 1, 1]",0.0,-0.08656292329557036
"[7, 1, 1, 2]",0.0,-0.4280649962937446
"[8, 2, 0, 3]",-0.01157672712340705,-0.5979965327926596
"[7, 1, 0, 3]",-0.2181775221987726,-0.9327279436519175
"[6, 2, 0, 0]",0.0,-0.0561908305642805
"[5, 1, 0, 1]",0.0,-0.05838310095829547
"[4, 0, 0, 2]",0.0,-1.2528436604612565
"[7, 8, 0, 0]",0.0,-0.24112720900532522
"[6, 7, 0, 1]",0.0,-0.24112720900532522
"[5, 6, 0, 2]",0.0,-0.3114399984512624
"[3, 4, 1, 0]",0.0,-0.14323879363105657
"[2, 3, 1, 1]",0.0,-0.14323879363105657
"[1, 2, 1, 2]",0.0,-1.0360372132031241
"[5, 0, 0, 0]",0.0,-0.9995432240925493
"[1, 4, 1, 0]",0.0,-0.19856676060350648
"[3, 6, 1, 0]",0.0,-0.008394100099480179
"[2, 5, 1, 1]",0.0,-0.008394100099480179
"[1, 4, 1, 2]",0.0,-0.9079244754805631
"[7, 1, 0, 0]",0.0,-0.08374108252907211
"[6, 0, 0, 1]",0.0,-0.9999986099154763
"[6, 3, 0, 0]",0.0,-0.14530779709527983
"[5, 2, 0, 1]",0.0,-0.20631518827958922
"[4, 1, 0, 2]",0.0,-1.1531598778837164
"[1, 8, 0, 2]",0.0,-0.3330697946288741
"[8, 2, 0, 0]",0.0,-0.03576657283793486
"[7, 1, 0, 1]",0.0,-0.03679590540254788
"[6, 0, 0, 2]",0.0,-1.2460347853910971
"[2, 8, 1, 2]",0.0,-0.321058571706702
"[3, 2, 0, 0]",0.0,-0.15599930393239375
"[2, 1, 0, 1]",0.0,-0.21041348890588502
"[1, 0, 0, 2]",0.0,-1.472403479757855
"[5, 2, 0, 0]",0.0,-0.021324776298144367
"[4, 1, 0, 1]",0.0,-0.07558095573765673
"[3, 0, 0, 2]",0.0,-1.2391017051933875
"[7, 1, 1, 0]",0.0,-0.01157672712340705
"[6, 0, 1, 1]",0.0,-0.5380573385883297
"[5, 0, 1, 2]",0.0,-0.6774779434985023
"[7, 0, 1, 0]",0.0,-0.6198797886434857
"[8, 6, 0, 0]",0.0,-0.10297862754236789
"[7, 5, 0, 1]",0.0,-0.23409763659146088
"[6, 4, 0, 2]",0.0,-0.327195056217708
"[4, 2, 0, 3]",-0.12996240619422175,-0.4249799892961148
"[3, 1, 1, 0]",0.0,-0.12996240619422175
"[8, 6, 1, 3]",0.0,-0.081
"[7, 5, 1, 3]",0.0,-0.09
"[6, 4, 0, 0]",0.0,-0.05150363239696551
"[5, 3, 0, 1]",0.0,-0.09438262696837055
"[4, 2, 0, 2]",0.0,-0.2936341547099664
"[3, 1, 0, 3]",-0.13028541966461504,-0.5076062849675498
"[2, 0, 0, 3]",-0.9958254420820708,-1.047070223703066
"[1, 0, 1, 0]",0.0,-0.9155090652428552
"[6, 8, 0, 3]",0.0,-0.2577456443495043
"[5, 7, 0, 3]",-0.0444908504102562,-0.3277914018833319
"[4, 6, 1, 0]",0.0,-0.0444908504102562
"[3, 5, 1, 1]",0.0,-0.0444908504102562
"[2, 4, 1, 2]",0.0,-0.12735174290316068
"[1, 3, 1, 3]",-0.03918485256125125,-0.2944978801453167
"[0, 2, 0, 0]",0.0,-0.03918485256125125
"[8, 4, 1, 0]",0.0,-0.17153920642907328
"[7, 3, 1, 1]",0.0,-0.17153920642907328
"[6, 2, 1, 2]",0.0,-0.17153920642907328
"[4, 8, 1, 3]",-0.004710128697246246,-0.1740334391761207
"[6, 8, 1, 0]",0.0,-0.029721041942243454
"[5, 7, 1, 1]",0.0,-0.030357310486357064
"[4, 6, 1, 2]",0.0,-0.12139778081161688
"[4, 8, 1, 0]",0.0,0.0
"[3, 7, 1, 1]",0.0,-3.699884850351269e-05
"[2, 6, 1, 2]",0.0,-0.0003621918278237285
"[8, 3, 0, 2]",0.0,-0.5719836670102125
"[5, 0, 1, 0]",0.0,-0.8589540805102399
"[3, 8, 1, 3]",0.0,-0.09
"[2, 7, 0, 0]",0.0,-0.13255671766778668
"[1, 6, 0, 1]",0.0,-0.19557537780982867
"[0, 5, 0, 2]",0.0,-0.3500690901279224
"[8, 3, 1, 1]",0.0,-0.2567276827674838
"[7, 2, 1, 2]",0.0,-0.27553952639171303
"[6, 1, 1, 3]",-0.003433683820292513,-0.12744778282332464
"[4, 2, 0, 1]",0.0,-0.17573312976119948
"[3, 1, 0, 2]",0.0,-1.111629581160409
"[1, 1, 0, 3]",-0.468559,-0.5304536248996291
"[0, 0, 0, 3]",-0.34390000000000004,-0.3566692281065006
"[8, 7, 0, 0]",0.0,-0.20740307159234478
"[7, 6, 0, 1]",0.0,-0.20740307159234478
"[6, 5, 0, 2]",0.0,-0.38886522311332294
"[5, 4, 0, 3]",-0.21698513670790134,-0.4516861497386835
"[4, 3, 0, 3]",-0.27670169303003544,-0.33070510000000003
"[3, 2, 0, 3]",-0.03726629490913147,-0.2178805764243479
"[1, 6, 0, 0]",0.0,-0.3363134028993735
"[0, 5, 0, 1]",0.0,-0.3365477341031251
"[7, 8, 0, 2]",0.0,-0.2986751307007067
"[8, 0, 0, 2]",0.0,-1.23192745468791
"[8, 7, 1, 1]",0.0,0.0
"[7, 6, 1, 2]",0.0,0.0
"[6, 5, 1, 3]",0.0,-0.1
"[8, 1, 1, 3]",-0.0016423203268260658,-0.15230627073514522
"[7, 0, 0, 0]",0.0,-0.9996300115149649
"[7, 2, 0, 1]",0.0,-0.13304644381373235
"[6, 4, 1, 0]",0.0,-0.24132983540647412
"[5, 3, 1, 1]",0.0,-0.24132983540647412
"[4, 2, 1, 2]",0.0,-0.24132983540647412
"[5, 8, 1, 3]",0.0,-0.09729
"[4, 7, 1, 3]",-0.03784214149822667,-0.2629
"[3, 6, 0, 0]",0.0,-0.3057194906106638
"[2, 5, 0, 1]",0.0,-0.3143206003443043
"[1, 4, 0, 2]",0.0,-0.7473010133948966
"[6, 8, 0, 0]",0.0,-0.1598283192575038
"[5, 7, 0, 1]",0.0,-0.1853220106706998
"[4, 6, 0, 2]",0.0,-0.4290314398938243
"[2, 4, 0, 3]",-0.03924141206860493,-0.39233084613622726
"[1, 3, 1, 0]",0.0,-0.03924141206860493
"[6, 2, 1, 0]",0.0,-0.18300368845498494
"[5, 1, 1, 1]",0.0,-0.18300368845498494
"[6, 5, 0, 3]",-0.1726227838532915,-0.3745456386155951
"[4, 3, 1, 0]",0.0,-0.21698513670790134
"[3, 2, 1, 1]",0.0,-0.21698513670790134
"[2, 1, 1, 2]",0.0,-0.3710758852641632
"[5, 8, 1, 0]",0.0,0.0
"[4, 7, 1, 1]",0.0,0.0
"[3, 6, 1, 2]",0.0,0.0
"[3, 8, 0, 1]",0.0,-0.048785859320262304
"[2, 7, 0, 2]",0.0,-0.08684714388447304
"[8, 7, 1, 3]",0.0,-0.1
"[7, 6, 0, 0]",0.0,-0.23783386027242387
"[6, 5, 0, 1]",0.0,-0.3050504742451815
"[5, 4, 0, 2]",0.0,-0.46842911962296985
"[3, 2, 1, 0]",0.0,-0.27670169303003544
"[2, 1, 1, 1]",0.0,-0.27670169303003544
"[8, 3, 1, 0]",0.0,-0.1664525971702366
"[7, 2, 1, 1]",0.0,-0.1664525971702366
"[6, 1, 1, 2]",0.0,-0.2876156558074104
"[4, 2, 0, 0]",0.0,-0.0984598432868353
"[3, 1, 0, 1]",0.0,-0.12320244999529696
"[2, 0, 0, 2]",0.0,-1.1891145841272006
"[8, 2, 1, 0]",0.0,-0.14719442169685706
"[7, 1, 1, 1]",0.0,-0.14719442169685706
"[8, 5, 1, 0]",0.0,-0.060211096392643396
"[7, 4, 1, 1]",0.0,-0.060211096392643396
"[6, 3, 1, 2]",0.0,-0.060211096392643396
"[4, 1, 1, 3]",-0.0042391158275216214,-0.17080765183315616
"[3, 0, 0, 0]",0.0,-0.9996670103634684
"[2, 6, 0, 1]",0.0,-0.15855141859408448
"[1, 5, 0, 2]",0.0,-0.5027821615696865
"[8, 2, 0, 2]",0.0,-0.44571091272083596
"[8, 7, 1, 2]",0.0,-0.21975548245496096
"[7, 6, 1, 3]",0.0,-0.181
"[6, 5, 0, 0]",0.0,-0.1853624106112772
"[5, 4, 0, 1]",0.0,-0.1853624106112772
"[4, 3, 0, 2]",0.0,-0.2602054691973287
"[2, 1, 1, 0]",0.0,-0.03726629490913147
"[3, 1, 0, 0]",0.0,-0.35528666298848566
"[2, 0, 0, 1]",0.0,-0.989224736335694
"[5, 7, 0, 0]",0.0,-0.07352266077346892
"[4, 6, 0, 1]",0.0,-0.07352266077346892
"[3, 5, 0, 2]",0.0,-0.2125653972919352
"[8, 5, 1, 1]",0.0,-0.028528623721288827
"[7, 4, 1, 2]",0.0,-0.028528623721288827
"[1, 6, 1, 0]",0.0,-0.16276733052308945
"[3, 8, 1, 2]",0.0,-0.3723470642772197
"[2, 7, 1, 3]",0.0,-0.25871129373661295
"[0, 7, 0, 0]",0.0,-0.03453015431428014
"[5, 8, 1, 2]",0.0,-0.3320405240872407
"[6, 8, 0, 2]",0.0,-0.39299991286028974
"[7, 8, 1, 2]",0.0,-0.30021254036641076
"[6, 8, 1, 1]",0.0,-0.453186326988792
"[5, 7, 1, 2]",0.0,-0.5288653427427676
"[3, 5, 0, 0]",0.0,-0.4071008911489363
"[2, 4, 0, 1]",0.0,-0.4074723608896362
"[1, 3, 0, 2]",0.0,-0.7970296206007201
"[3, 7, 0, 0]",0.0,-0.15386625319471192
"[1, 8, 1, 0]",0.0,0.0
"[6, 7, 1, 0]",0.0,0.0
"[5, 6, 1, 1]",0.0,0.0
"[4, 5, 1, 2]",0.0,0.0
"[1, 2, 1, 3]",-0.038742048900000006,-0.545502015260994
"[1, 8, 0, 1]",0.0,-0.3146884425991482
"[0, 7, 0, 2]",0.0,-0.3750685808356261
"[7, 5, 0, 0]",0.0,-0.1446762172034178
"[6, 4, 0, 1]",0.0,-0.20823569404242062
"[5, 3, 0, 2]",0.0,-0.3459981058451692
"[8, 5, 0, 0]",0.0,-0.2827106812873833
"[3, 8, 0, 2]",0.0,-0.07821449971966246
"[8, 4, 0, 1]",0.0,-0.4376202387985011
"[7, 3, 0, 2]",0.0,-0.5143696026721419
"[3, 4, 0, 0]",0.0,-0.20739711151776974
"[2, 3, 0, 1]",0.0,-0.27373726807451215
"[1, 2, 0, 2]",0.0,-1.1255060271189432
"[8, 4, 1, 1]",0.0,-0.21297653588285292
"[7, 3, 1, 2]",0.0,-0.21297653588285292
"[5, 1, 0, 0]",0.0,-0.12541761498694398
"[4, 0, 0, 1]",0.0,-0.9980033218889842
"[1, 1, 0, 1]",0.0,-0.1
"[0, 0, 0, 2]",0.0,-0.12378283707062476
"[3, 6, 0, 1]",0.0,-0.2990618256648799
"[2, 5, 0, 2]",0.0,-0.40837115331216284
"[3, 8, 1, 1]",0.0,-0.437516968140226
"[2, 7, 1, 2]",0.0,-0.5421315152139661
"[1, 6, 1, 3]",-0.03635757101215013,-0.5084212214941266
"[8, 7, 0, 1]",0.0,-0.31674889782059007
"[7, 6, 0, 2]",0.0,-0.4984964477796573
"[5, 4, 1, 0]",0.0,-0.1726227838532915
"[4, 3, 1, 1]",0.0,-0.19115298574180994
"[3, 2, 1, 2]",0.0,-0.2936025172444181
"[8, 6, 1, 1]",0.0,-0.12679815335526134
"[7, 5, 1, 2]",0.0,-0.12679815335526134
"[6, 4, 1, 3]",0.0,-0.09
"[5, 3, 0, 0]",0.0,-0.16041934095928254
"[4, 5, 1, 0]",0.0,-0.018443147349992417
"[3, 4, 1, 1]",0.0,-0.018443147349992417
"[2, 3, 1, 2]",0.0,-0.05331099135999243
"[0, 1, 0, 0]",0.0,-0.038742048900000006
"[4, 7, 0, 0]",0.0,-0.18883039351257447
"[8, 1, 0, 3]",-0.2189264163212474,-0.5682044128629584
"[8, 6, 1, 2]",0.0,0.0
"[2, 5, 0, 0]",0.0,-0.03432100203915125
"[1, 4, 0, 1]",0.0,-0.0604174323569433
"[0, 3, 0, 2]",0.0,-0.26190507384252487
"[5, 7, 1, 0]",0.0,-0.0008727963568087712
"[4, 6, 1, 1]",0.0,-0.0008727963568087712
"[3, 5, 1, 2]",0.0,-0.02516242070237406
"[0, 5, 0, 0]",0.0,-0.06758965792093512
"[7, 2, 1, 0]",0.0,-0.3457086116552626
"[6, 1, 1, 1]",0.0,-0.3457086116552626
"[8, 3, 0, 0]",0.0,-0.046749063087315114
"[7, 4, 1, 0]",0.0,-0.20731974098267722
"[6, 3, 1, 1]",0.0,-0.20731974098267722
"[5, 2, 1, 2]",0.0,-0.22187000240318488
"[7, 3, 0, 0]",0.0,-0.1490370042950046
"[6, 2, 0, 1]",0.0,-0.21329584726588
"[5, 1, 0, 2]",0.0,-1.1141087010312114
"[3, 8, 0, 0]",0.0,-0.05487530353797492
"[2, 7, 0, 1]",0.0,-0.08495168331449993
"[1, 6, 0, 2]",0.0,-0.4436317590336618
"[1, 1, 0, 2]",0.0,-0.1171
