"[9, 9, 0, 0]",-0.2487435784887873,-0.9037234798113989
"[9, 9, 1, 0]",-0.21907588974765416,-0.7946450809669979
"[9, 9, 1, 1]",-0.06970277599815511,-0.8700794815019365
"[9, 9, 1, 2]",-0.062122259518878856,-0.8893669567527217
"[9, 9, 1, 3]",-0.8731924329586058,-0.7304400976624033
"[9, 9, 0, 1]",0.0,-0.785831917597666
"[9, 9, 0, 2]",-0.13717761083121152,-0.9001052469988347
"[9, 9, 0, 3]",-0.7541109304857231,-0.8221464545476397
"[8, 9, 1, 2]",-0.19195516463314033,-1.436296645266057
"[7, 9, 1, 3]",-2.421217508916624,-1.5176550240408206
"[6, 9, 1, 3]",-2.375255275763625,-1.1434316168609746
"[5, 9, 0, 0]",0.0,-2.7002199057297713
"[4, 9, 0, 1]",0.0,-2.976760783458756
"[3, 9, 0, 2]",0.0,-3.3875090838030077
"[2, 9, 0, 3]",-4.176487002745063,-3.805141128791882
"[1, 9, 0, 3]",-5.188228639577897,-2.9530149996970296
"[0, 9, 0, 3]",-5.09544651203294,-1.4443349786357835
"[6, 9, 0, 3]",-1.1839468798387038,-2.0126429280661107
"[5, 9, 1, 0]",0.0,-1.2675408422708938
"[4, 9, 1, 1]",0.0,-1.224721257408732
"[3, 9, 1, 2]",0.0,-1.3069038810720826
"[2, 9, 1, 3]",-1.0676061669223413,-1.9317443045225402
"[1, 9, 1, 3]",-1.1791291289557584,-2.911603470393752
"[0, 9, 1, 3]",-2.3657594516980867,-3.7632370748655224
"[0, 8, 0, 0]",-0.5889719397530959,-0.8939987662394705
"[9, 7, 0, 1]",0.0,-0.7870459819017332
"[9, 6, 0, 2]",0.0,-0.8579955590596986
"[9, 5, 0, 3]",-2.1773224310005785,-0.9466747242312753
"[9, 4, 0, 3]",-1.040045223167096,-1.0623834625298008
"[9, 3, 0, 3]",-1.085685669808592,-1.3013338947139974
"[9, 2, 1, 0]",-0.3686851116137946,-1.2607873538926562
"[9, 1, 1, 1]",0.0,-1.4682039010211754
"[9, 0, 1, 2]",-0.442577773389882,-1.8104594319794454
"[9, 5, 1, 3]",-1.9096263221677858,-2.5989887771767113
"[9, 4, 1, 3]",-2.5633024776870483,-3.2272438388940228
"[9, 3, 1, 3]",-3.3208801001459234,-3.7398514987128273
"[9, 2, 0, 0]",0.0,-3.582889381866183
"[9, 1, 0, 1]",0.0,-3.887536950368887
"[9, 0, 0, 2]",-0.5026561186876857,-4.209511442590936
"[9, 0, 0, 3]",-2.2671928120543132,-3.430492333559233
"[9, 0, 1, 0]",-0.927456657155727,-1.2788921356685847
"[9, 2, 1, 1]",-1.0616792871633458,-1.5140910760690371
"[9, 1, 1, 2]",0.0,-1.7774705411957457
"[9, 0, 1, 3]",-5.262232245770148,-1.6444952660865702
"[9, 3, 0, 0]",0.0,-2.8276119534613495
"[9, 2, 0, 1]",-0.3302804954103297,-3.043308727647233
"[9, 1, 0, 2]",0.0,-3.2023790121114555
"[9, 8, 1, 3]",-0.711040336741326,-1.048461392110261
"[9, 7, 1, 3]",-0.8742149386165888,-1.5497598230865028
"[9, 6, 0, 0]",0.0,-0.913551875637248
"[9, 5, 0, 1]",0.0,-1.0338810854131926
"[9, 4, 0, 2]",0.0,-1.1592787272713838
"[9, 2, 0, 3]",-1.1300444758787573,-1.6003363625757994
"[9, 1, 0, 3]",-1.20419445274309,-2.4280547750285466
"[8, 9, 1, 3]",-2.0516534168985148,-1.8003880123974494
"[0, 9, 1, 0]",-0.510685202013124,-5.665609853039245
"[0, 9, 1, 1]",-0.6703635697222429,-4.993867252318483
"[0, 9, 1, 2]",0.0,-4.3845870088520105
"[0, 8, 1, 3]",-1.8775802050009467,-3.89129999070984
"[0, 7, 0, 0]",0.0,-0.9141030915241137
"[0, 6, 0, 1]",0.0,-0.9970211890820262
"[9, 5, 0, 2]",0.0,-0.9426091306128458
"[9, 6, 1, 3]",-1.2145327331111062,-2.0757793219926843
"[8, 2, 0, 1]",-0.0929722709431608,-3.9256171332391094
"[7, 1, 0, 2]",0.0,-4.24897028708034
"[6, 0, 0, 3]",-2.4181726809698136,-4.88274013847221
"[5, 0, 0, 3]",-3.172017713318131,-5.508179612970717
"[4, 0, 0, 3]",-4.0114750375908494,-5.921503512308293
"[3, 0, 0, 3]",-4.65627511015961,-6.600586898917465
"[2, 0, 1, 0]",-0.988921786281298,-3.951746276601112
"[1, 9, 1, 1]",0.0,-3.9723673131696775
"[0, 9, 0, 0]",-2.299040712900178,-1.4652435785790479
"[5, 9, 1, 3]",-1.9334819462129813,-0.9495461515785996
"[4, 9, 1, 3]",-1.1163679238767115,-1.030393323519371
"[3, 9, 1, 3]",-1.1254969537165642,-1.2623448090823162
"[1, 9, 0, 0]",0.0,-1.1843544849960261
"[0, 9, 0, 1]",0.0,-1.5050181141760115
"[3, 9, 0, 0]",0.0,-1.362813881463193
"[2, 9, 0, 1]",-0.4169444338479501,-1.5323949241069688
"[1, 9, 0, 2]",0.0,-1.6255186175404008
"[6, 9, 0, 0]",0.0,-2.7081412664429365
"[5, 9, 0, 1]",0.0,-3.0347765157053606
"[4, 9, 0, 2]",0.0,-3.368954863083575
"[3, 9, 0, 3]",-3.4549700850490535,-3.684601201034223
"[2, 8, 0, 3]",-5.511122398539236,-4.636855610736199
"[1, 7, 0, 3]",-6.749456548626431,-4.114904997834926
"[0, 6, 1, 0]",0.0,-7.483870064098185
"[0, 5, 1, 1]",0.0,-7.186779101099885
"[0, 4, 1, 2]",0.0,-6.957921956260771
"[0, 3, 1, 3]",-4.8093484165512885,-7.0838242654263786
"[0, 2, 1, 3]",-5.5746593535544555,-6.829652126349076
"[0, 1, 1, 3]",-6.660723508019023,-6.32600207971762
"[0, 0, 1, 3]",-6.541550564160919,-4.4611345704943055
"[0, 2, 0, 0]",-0.97648170601999,-4.489486331722106
"[2, 1, 0, 1]",0.0,-4.454370566925425
"[1, 0, 0, 2]",0.0,-4.96100269057809
"[0, 0, 0, 3]",-6.667442626841802,-4.4910466079826685
"[0, 0, 1, 0]",-2.1738863286215526,-6.289251775074867
"[0, 6, 1, 1]",0.0,-6.886950443981952
"[0, 5, 1, 2]",0.0,-6.579002301421181
"[0, 4, 1, 3]",-3.804207933408438,-6.431686176534389
"[3, 0, 1, 0]",0.0,-3.256272267064986
"[2, 0, 1, 1]",-0.5278515756749723,-3.4667014298597674
"[1, 9, 1, 2]",0.0,-3.437709509305215
"[0, 9, 0, 2]",-1.6850474939652034,-1.5701761761279958
"[9, 8, 1, 0]",-0.04277032889449834,-1.9166229433312083
"[9, 7, 1, 1]",0.0,-2.1321417064995547
"[9, 6, 1, 2]",0.0,-2.347875615830047
"[8, 0, 0, 3]",-2.0068749987792662,-3.4052567038099646
"[7, 0, 1, 0]",0.0,-1.0139591197970088
"[6, 5, 1, 1]",0.0,-2.050379038061065
"[5, 4, 1, 2]",0.0,-2.884122639862517
"[4, 3, 1, 3]",-3.344567846689389,-3.5238345850733133
"[3, 2, 1, 3]",-4.173571558010883,-4.008016476525425
"[2, 1, 0, 0]",0.0,-4.947405579050526
"[1, 0, 0, 1]",0.0,-5.740903256862273
"[0, 0, 0, 2]",0.0,-5.0584383379548346
"[1, 0, 0, 3]",-6.596672124939632,-6.023258280073264
"[9, 4, 1, 1]",0.0,-3.2999126505042016
"[9, 3, 1, 2]",0.0,-3.746182369691841
"[9, 2, 1, 3]",-4.26488701160854,-3.9099334652317577
"[9, 1, 1, 3]",-5.186471851906187,-3.3705435441836333
"[9, 0, 0, 0]",-0.20989552510066947,-5.61079209280335
"[9, 0, 0, 1]",-0.19318408928626496,-4.870473263896693
"[8, 0, 1, 0]",-0.6645568299020547,-1.1173858733786655
"[7, 9, 1, 1]",0.0,-0.7346237884896533
"[6, 9, 1, 2]",0.0,-0.8136471259011576
"[8, 9, 0, 0]",-0.04842848146969424,-1.7769705887532465
"[7, 9, 0, 1]",-0.05872223113111821,-2.156316510424892
"[6, 9, 0, 2]",0.0,-2.346310286859829
"[5, 8, 0, 3]",-2.435843704200419,-3.313325756726892
"[4, 7, 0, 3]",-3.672445503957338,-3.9458800187659415
"[3, 6, 1, 0]",0.0,-4.57365360382211
"[2, 5, 1, 1]",0.0,-5.260084454980586
"[1, 4, 1, 2]",0.0,-5.891731414507545
"[0, 1, 0, 0]",0.0,-5.129185281456336
"[4, 0, 0, 1]",0.0,-7.528382755249959
"[3, 0, 0, 2]",0.0,-7.098361989181153
"[2, 0, 0, 3]",-5.75301954196682,-6.612261213663113
"[9, 8, 0, 3]",-2.109213479222584,-1.6982506932375685
"[9, 7, 0, 3]",-2.404427322223544,-1.709913384314148
"[9, 6, 0, 3]",-2.634385716869681,-1.4048895368861407
"[9, 3, 1, 0]",0.0,-1.2667430455930258
"[9, 8, 0, 0]",0.0,-0.6558698511584475
"[9, 8, 0, 1]",-0.05311375788388985,-0.9544736786350764
"[9, 7, 0, 2]",-0.011782907523354673,-1.1722528581851124
"[9, 4, 1, 0]",0.0,-2.4547421198001045
"[9, 3, 1, 1]",0.0,-2.7625905401806836
"[9, 2, 1, 2]",-0.7649065334481591,-3.121379951501725
"[1, 9, 1, 0]",0.0,-4.620974634962785
"[0, 8, 1, 1]",-0.2763365884005437,-5.9755400269513625
"[0, 7, 1, 2]",0.0,-5.568161527512654
"[0, 6, 1, 3]",-2.836369204603338,-4.8310490244705395
"[0, 5, 1, 3]",-3.1062185106190956,-5.81101520180784
"[0, 4, 0, 0]",0.0,-2.3322249580672123
"[9, 3, 0, 1]",0.0,-2.2270129315838845
"[9, 2, 0, 2]",-0.20187633982362585,-2.346098601010203
"[9, 4, 0, 0]",0.0,-2.024797320806575
"[9, 1, 1, 0]",0.0,-1.1452670945930665
"[9, 0, 1, 1]",-0.8814826499956795,-1.166163572455257
"[9, 8, 1, 2]",-0.04258077499069053,-1.341916253030354
"[9, 5, 0, 0]",0.0,-1.3190346144849627
"[9, 4, 0, 1]",0.0,-1.3867645454798796
"[9, 3, 0, 2]",0.0,-1.5458495602723208
"[5, 9, 0, 2]",0.0,-2.8027973827387322
"[4, 9, 0, 3]",-2.497761848086039,-3.0756461213845676
"[2, 9, 1, 0]",-0.0884943562501046,-3.6031316137261995
"[8, 9, 1, 1]",-0.08579071259107157,-1.0271616810131048
"[7, 9, 1, 2]",0.0,-1.112396535144093
"[7, 9, 0, 3]",-0.8786470449041736,-1.418425480140536
"[6, 9, 1, 0]",0.0,-0.9123789219544529
"[5, 9, 1, 1]",0.0,-0.9869554834054403
"[4, 9, 1, 2]",0.0,-1.0250844859330364
"[7, 9, 0, 2]",0.0,-1.8252950148877911
"[5, 9, 0, 3]",-1.7976472198927362,-2.4777190674561678
"[3, 9, 1, 0]",0.0,-2.8015404446049867
"[2, 9, 1, 1]",-0.17411735869930933,-3.1313114943769693
"[0, 7, 1, 3]",-2.2403088323800935,-4.8146239531570805
"[0, 5, 0, 0]",0.0,-1.7719275050816472
"[8, 4, 0, 1]",0.0,-2.1825541646940922
"[7, 3, 0, 2]",0.0,-2.468161973421607
"[6, 2, 0, 3]",-1.3484846704203304,-2.8508973404210116
"[5, 1, 0, 3]",-2.0453517137188917,-4.544186432525343
"[1, 3, 1, 1]",0.0,-5.655262947618279
"[0, 2, 1, 2]",0.0,-6.39667793563475
"[9, 8, 0, 2]",-0.4024138189635728,-1.4164580752032465
"[9, 5, 1, 0]",0.0,-2.9426975181656427
"[8, 2, 1, 3]",-5.603320492404674,-5.1073991287139755
"[7, 1, 1, 3]",-6.804583659766137,-4.300418135555306
"[6, 0, 1, 3]",-6.879669385591557,-2.2885564793010205
"[4, 9, 0, 0]",0.0,-2.224740755186547
"[3, 9, 0, 1]",0.0,-2.4820874850836154
"[2, 9, 0, 2]",-0.760283642670299,-2.525846962946484
"[6, 3, 1, 1]",0.0,-2.2800451669346833
"[5, 2, 1, 2]",0.0,-2.871574643787774
"[4, 1, 1, 3]",-5.300912898188362,-3.0733174886707735
"[3, 0, 1, 3]",-5.355483369774598,-1.7585006357244288
"[2, 0, 0, 0]",-0.5483224456200464,-6.075999460342967
"[1, 0, 1, 0]",0.0,-4.977459701483642
"[7, 9, 0, 0]",-0.024471369514920224,-2.28160010904506
"[6, 9, 0, 1]",0.0,-2.5103559552255397
"[0, 8, 1, 2]",-0.1016113906703841,-5.097789385387923
"[7, 0, 0, 3]",-2.1026238498024448,-4.40712799495337
"[6, 0, 1, 0]",0.0,-1.1600774361752195
"[1, 7, 1, 0]",0.0,-6.141475250751853
"[9, 7, 0, 0]",0.0,-0.8189761475618262
"[9, 6, 0, 1]",0.0,-0.8627436915220568
"[9, 5, 1, 2]",0.0,-3.058833669694343
"[5, 0, 1, 1]",0.0,-1.3043374464049384
"[8, 9, 0, 2]",-0.03858035206045832,-1.3103914765400815
"[7, 8, 0, 3]",-0.27063354341434553,-0.28344987416458145
"[6, 7, 0, 3]",-0.5992385827112509,-0.8464044484258246
"[5, 6, 1, 0]",0.0,-1.5375052261566975
"[4, 5, 1, 1]",0.0,-2.9593476203655054
"[3, 4, 1, 2]",0.0,-3.722150222601529
"[2, 3, 1, 3]",-3.3160415988406475,-4.374130716545433
"[1, 2, 1, 3]",-4.515370850456087,-5.482772944899757
"[8, 0, 0, 2]",-0.1041701796723441,-4.807119607935125
"[4, 0, 1, 0]",0.0,-2.300287475157428
"[3, 9, 1, 1]",0.0,-2.2210064745107023
"[2, 9, 1, 2]",-0.10814527976905292,-2.3639203386172647
"[9, 8, 1, 1]",0.0,-1.6877699086452356
"[9, 7, 1, 2]",-0.07810139910172043,-1.9418205314730128
"[0, 8, 0, 3]",-6.458013366744238,-2.3850506911235754
"[0, 7, 1, 0]",0.0,-7.163218548983076
"[8, 0, 0, 0]",0.0,-6.6412937547773
"[7, 0, 0, 1]",0.0,-6.184336027084207
"[6, 0, 0, 2]",0.0,-5.789334307312008
"[8, 2, 0, 2]",0.0,-2.735697436619118
"[7, 1, 0, 3]",-1.014479522907497,-3.0491179429057684
"[5, 0, 1, 0]",0.0,-1.6077333737095727
"[4, 6, 1, 1]",0.0,-3.3071926538913563
"[3, 5, 1, 2]",0.0,-3.7904050034311934
"[2, 4, 1, 3]",-2.6839021997164223,-4.27881389901154
"[1, 3, 1, 3]",-3.6467447635425034,-5.470441992863563
"[5, 0, 0, 1]",0.0,-7.2139343422091695
"[4, 0, 0, 2]",0.0,-6.877070379060308
"[9, 5, 1, 1]",0.0,-3.1042261361878007
"[9, 4, 1, 2]",0.0,-3.4222144134207357
"[8, 0, 0, 1]",-0.13770585507098054,-5.762158983466493
"[7, 0, 0, 2]",-0.3365852362106099,-5.127348088154474
"[8, 9, 0, 3]",-0.683652249870939,-1.0462966004229317
"[2, 8, 1, 3]",-0.728690140108866,-1.7930350541554123
"[1, 7, 1, 3]",-1.076246687391094,-3.4088035339953513
"[8, 6, 1, 3]",-2.1866591262076005,-2.771420816947148
"[7, 5, 0, 0]",0.0,-2.893978737474907
"[6, 4, 0, 1]",0.0,-3.4895667333090223
"[5, 3, 0, 2]",0.0,-3.863736098135194
"[4, 2, 0, 3]",-2.791690620530005,-4.275323071063691
"[3, 1, 0, 3]",-3.63340751453638,-5.758359874216389
"[0, 7, 1, 1]",-0.1406125166618397,-6.572174895664522
"[0, 6, 1, 2]",0.0,-6.280150394340009
"[0, 3, 0, 0]",0.0,-3.0309809106209036
"[3, 2, 0, 1]",0.0,-4.811537300863738
"[2, 1, 0, 2]",0.0,-5.311030671053938
"[8, 9, 1, 0]",-0.19451998758992609,-0.6369858595518946
"[2, 9, 0, 0]",-0.3843450525926419,-1.3322655656975166
"[1, 9, 0, 1]",0.0,-1.5116057856835736
"[1, 3, 0, 1]",0.0,-2.4640296550130576
"[0, 2, 0, 2]",0.0,-2.514231205446455
"[8, 1, 0, 3]",-0.92636379525574,-2.7770676078740717
"[0, 6, 0, 3]",-6.792888798504955,-1.494393124310435
"[0, 5, 1, 0]",0.0,-7.555752082066416
"[0, 4, 1, 1]",0.0,-7.309114254358742
"[0, 3, 1, 2]",0.0,-7.051201249045261
"[0, 0, 0, 0]",-1.174407688625617,-6.388589895421405
"[8, 2, 1, 2]",-0.4176851199918291,-3.6663055417951957
"[5, 0, 0, 0]",0.0,-7.705366114734123
"[7, 6, 1, 1]",0.0,-1.493271516801948
"[6, 5, 1, 2]",0.0,-2.2297888035916205
"[5, 4, 1, 3]",-3.2083339762169114,-2.9115167804711715
"[2, 1, 1, 3]",-5.307664857693401,-3.4641912178215306
"[1, 0, 0, 0]",0.0,-5.977382140769354
"[0, 0, 0, 1]",0.0,-5.56382399669431
"[9, 7, 1, 0]",0.0,-2.3928479823003426
"[9, 6, 1, 1]",0.0,-2.7104627683677247
"[8, 1, 1, 3]",-6.470116114100805,-4.07350026630448
"[7, 0, 1, 3]",-6.778094094253387,-2.5293217822158383
"[6, 0, 0, 0]",0.0,-7.536109030784102
"[0, 0, 1, 1]",0.0,-5.787032657724508
"[7, 8, 0, 1]",0.0,-0.3355565224374714
"[6, 7, 0, 2]",0.0,-0.8943269106454543
"[5, 6, 0, 3]",-1.6080508309930024,-1.6901305003253244
"[4, 5, 0, 3]",-2.322435177641063,-2.8980289893580577
"[3, 4, 1, 0]",0.0,-3.591841086641285
"[2, 3, 1, 1]",0.0,-4.664121399516415
"[1, 2, 1, 2]",0.0,-5.308743473549161
"[2, 8, 0, 2]",0.0,-3.3105288443445895
"[8, 5, 0, 1]",0.0,-1.5698634447613162
"[7, 4, 0, 2]",0.0,-2.1055474104697725
"[6, 3, 0, 3]",-1.24371434106678,-2.387102974178205
"[5, 2, 0, 3]",-1.9100527406254524,-3.4424295282879314
"[4, 1, 1, 0]",0.0,-2.193514869683444
"[3, 0, 1, 1]",0.0,-2.405302392314215
"[6, 0, 0, 1]",0.0,-6.776648382462017
"[5, 0, 0, 2]",0.0,-6.403153658812718
"[8, 7, 0, 3]",-0.3428592753386663,-0.1429239380278703
"[7, 6, 0, 3]",-0.338884114946198,-0.4912014934244834
"[6, 5, 0, 3]",-0.8953984103198953,-1.2358636515086374
"[5, 4, 0, 3]",-0.7387254925674694,-2.305232304085887
"[4, 3, 1, 0]",0.0,-1.4322880199402488
"[3, 2, 1, 1]",0.0,-2.2651420499656196
"[2, 1, 1, 2]",0.0,-2.616399348150609
"[1, 0, 1, 3]",-5.3780848885404655,-2.6037161422489694
"[0, 6, 0, 0]",0.0,-1.3650106694144395
"[5, 8, 1, 3]",-0.9233485938934487,-0.8739224360751097
"[4, 7, 1, 3]",-0.6599714747705542,-1.4920490581330235
"[3, 6, 1, 3]",-1.266592257867025,-2.2016858000271533
"[2, 5, 1, 3]",-2.107210279459113,-3.1059904422301092
"[1, 4, 0, 0]",0.0,-2.3986141431373245
"[0, 3, 0, 1]",0.0,-2.767012625756558
"[5, 2, 0, 2]",0.0,-4.649134550222924
"[4, 1, 0, 3]",-2.8541795222203357,-5.263319341702196
"[1, 0, 1, 1]",0.0,-4.797064836060809
"[2, 0, 0, 2]",-0.5311482407532419,-6.256881782619456
"[4, 7, 0, 1]",0.0,-2.402798561118742
"[3, 6, 0, 2]",0.0,-3.159597314141605
"[2, 5, 0, 3]",-5.352503286422452,-4.061589959021285
"[1, 4, 0, 3]",-5.260886813934741,-3.483575580282001
"[0, 3, 0, 3]",-5.331457668379864,-1.3374956801592144
"[0, 2, 1, 0]",0.0,-6.073720361837241
"[0, 1, 1, 1]",0.0,-5.665338692940251
"[0, 0, 1, 2]",-0.6384806021764252,-5.353348720218677
"[9, 6, 1, 0]",0.0,-2.7544434523246153
"[8, 6, 0, 2]",0.0,-1.2060441193918998
"[7, 5, 0, 3]",-1.8812428313389506,-1.4958905574441457
"[6, 4, 0, 3]",-1.2617714191315066,-2.2063821859110786
"[5, 3, 1, 0]",0.0,-1.4878584546065015
"[4, 2, 1, 1]",0.0,-1.7077062236380818
"[3, 1, 1, 2]",0.0,-1.8240047540000486
"[2, 0, 1, 3]",-5.299184706058435,-1.707377911116196
"[1, 6, 1, 3]",-1.3019796511798016,-3.8206806461601888
"[8, 6, 1, 1]",0.0,-2.602082849808309
"[7, 5, 1, 2]",0.0,-3.1016960047126148
"[6, 4, 1, 3]",-4.198742631746769,-3.5279857794684513
"[5, 3, 1, 3]",-4.582824034729897,-3.722833387834223
"[4, 2, 1, 3]",-4.408422036751289,-3.9841279043170474
"[3, 1, 1, 3]",-5.383669838964895,-2.58873982877539
"[6, 8, 1, 2]",0.0,-1.0711049070697565
"[5, 7, 1, 3]",-1.7448846138541958,-1.6064978320055856
"[4, 6, 1, 3]",-1.2063570549950335,-2.2167537089424276
"[3, 5, 1, 3]",-2.0552089838287353,-3.0569372064582394
"[2, 4, 0, 0]",0.0,-2.3146824760115807
"[3, 5, 1, 1]",0.0,-4.415485554748113
"[2, 4, 1, 2]",0.0,-4.900128229968212
"[0, 2, 0, 1]",-0.8581941088280474,-3.1289655312940825
"[8, 1, 0, 2]",0.0,-3.734495217289288
"[4, 7, 1, 1]",0.0,-2.6191912231909646
"[3, 6, 1, 2]",0.0,-2.945295840109884
"[1, 4, 1, 3]",-2.7692476290144175,-4.786484843473283
"[6, 8, 1, 3]",-1.3269125584565356,-1.3157620323936832
"[2, 1, 0, 3]",-4.551746089520811,-5.450315293413443
"[3, 6, 0, 0]",0.0,-0.9883521629800792
"[2, 5, 0, 1]",0.0,-1.332943763848193
"[1, 4, 0, 2]",0.0,-1.454467222560719
"[8, 0, 1, 3]",-6.496089574363585,-2.1294094433263666
"[8, 3, 0, 0]",0.0,-2.313344686726059
"[7, 2, 0, 1]",-0.004311070112250866,-4.055024892238691
"[6, 1, 0, 2]",0.0,-4.854139605532455
"[1, 3, 0, 0]",0.0,-2.974893217382143
"[4, 9, 1, 0]",0.0,-1.976616860668984
"[6, 5, 0, 1]",0.0,-2.2350214384654534
"[5, 4, 0, 2]",0.0,-2.9488032137079236
"[4, 3, 0, 3]",-1.2077301619223215,-3.6705876951965735
"[3, 2, 0, 3]",-3.53986799546133,-4.575503572740693
"[2, 0, 0, 1]",0.0,-5.47810424663231
"[1, 8, 1, 3]",-0.7344584084577164,-2.891107450706545
"[8, 1, 1, 2]",0.0,-2.2923211691189946
"[3, 8, 0, 1]",0.0,-2.093505593130468
"[2, 7, 0, 2]",0.0,-2.704538293270151
"[1, 6, 0, 3]",-6.682682811077401,-2.7733274382394013
"[0, 5, 0, 3]",-6.245902043936921,-1.7174660150015515
"[5, 3, 0, 3]",-1.9595681606808235,-3.2642783362228265
"[4, 2, 1, 0]",0.0,-2.2177521816207952
"[3, 1, 1, 1]",0.0,-2.4679465933750446
"[2, 0, 1, 2]",-0.5071652245255839,-2.6526083918179126
"[2, 8, 1, 2]",-0.059910351565922754,-2.928031905440058
"[7, 3, 1, 1]",0.0,-2.3407754778823957
"[6, 2, 1, 2]",0.0,-2.5875112253345716
"[5, 1, 1, 3]",-6.4275984097615675,-2.6654930088359405
"[4, 0, 1, 3]",-5.32216081632426,-1.2302394690442544
"[7, 9, 1, 0]",0.0,-0.8208345688476334
"[6, 9, 1, 1]",0.0,-0.882975698220201
"[5, 9, 1, 2]",0.0,-0.936532369937411
"[4, 5, 0, 2]",0.0,-2.755106084423076
"[3, 4, 0, 3]",-3.25982074494311,-3.5972257904840097
"[2, 3, 0, 3]",-4.214341954805364,-4.186857285123797
"[1, 2, 1, 0]",0.0,-4.922364898017191
"[8, 0, 1, 1]",-0.6782235485769192,-1.416838087331987
"[4, 2, 0, 0]",0.0,-5.165971676478286
"[3, 1, 0, 1]",0.0,-5.7041016792977794
"[0, 2, 1, 1]",0.0,-5.544436426859199
"[0, 1, 1, 2]",0.0,-4.928478877519428
"[7, 4, 1, 1]",0.0,-2.6902698193149375
"[6, 3, 1, 2]",0.0,-3.237419134815964
"[5, 2, 1, 3]",-5.433675214128151,-3.825556942367855
"[9, 1, 0, 0]",0.0,-4.675996544509764
"[1, 8, 0, 3]",-6.447145710949422,-4.009699790510377
"[0, 7, 0, 3]",-6.743998373458398,-1.944384680781661
"[6, 8, 0, 3]",-2.2265335236456503,-2.8540914999674256
"[5, 7, 1, 0]",0.0,-2.772169635242697
"[8, 1, 0, 1]",0.0,-4.817460192757626
"[1, 8, 1, 1]",0.0,-4.848738427562339
"[0, 8, 0, 2]",-1.9368777319471584,-1.9318552288425266
"[3, 7, 0, 3]",-4.804381571191139,-4.464379608689028
"[2, 6, 0, 3]",-5.850414096877822,-4.041603937063604
"[1, 5, 1, 0]",0.0,-6.54670761735368
"[4, 8, 0, 2]",0.0,-3.907560901096827
"[1, 5, 0, 3]",-6.2835760128565,-3.1784574470985736
"[0, 4, 1, 0]",0.0,-6.963232047705941
"[0, 3, 1, 1]",0.0,-6.659253864869201
"[7, 0, 0, 0]",0.0,-7.204924411069632
"[8, 9, 0, 1]",-0.06983322442734591,-1.6473719970211231
"[0, 8, 1, 0]",-0.15925973475730076,-6.769968875059874
"[6, 8, 0, 0]",0.0,-1.860052019512896
"[5, 7, 0, 1]",0.0,-2.803749234624571
"[4, 6, 0, 2]",0.0,-3.208413220655459
"[3, 5, 0, 3]",-4.5478628467444855,-3.5021478769426797
"[2, 4, 0, 3]",-4.371858392491881,-3.620997050864022
"[1, 3, 0, 3]",-5.32969890896152,-3.049904610618339
"[7, 8, 1, 1]",0.0,-0.16258978418940048
"[6, 7, 1, 2]",0.0,-0.4662475161770224
"[5, 6, 1, 3]",-0.9335378909771396,-0.9001093027701451
"[4, 5, 1, 3]",-0.9276225346555926,-2.2592006563103437
"[3, 4, 0, 0]",0.0,-1.5424456494578656
"[2, 3, 0, 1]",0.0,-2.218607850155234
"[1, 2, 0, 2]",0.0,-2.6153876999879158
"[0, 1, 0, 3]",-5.446050998732692,-2.7450675663592072
"[7, 5, 0, 1]",0.0,-2.3633690439039046
"[6, 4, 0, 2]",0.0,-2.7294883679385356
"[0, 8, 0, 1]",-1.2102390439506951,-1.3447691347285513
"[8, 7, 1, 0]",0.0,-0.6427325835426242
"[3, 2, 0, 0]",0.0,-3.9263322871972584
"[2, 5, 0, 0]",0.0,-1.5007673830853026
"[1, 4, 0, 1]",0.0,-1.6781927066068663
"[0, 3, 0, 2]",0.0,-1.7347946050844185
"[4, 0, 1, 1]",0.0,-1.7041975721513731
"[3, 0, 1, 2]",0.0,-1.851388479417179
"[4, 8, 1, 3]",-0.6115105479783481,-1.1139784479534718
"[3, 7, 0, 0]",0.0,-0.8199901206720317
"[2, 6, 0, 1]",0.0,-1.0345191006569212
"[1, 5, 0, 2]",0.0,-1.2760753711935864
"[0, 4, 0, 3]",-5.292031523746319,-1.6398240305293479
"[7, 6, 1, 0]",0.0,-0.9730220286733704
"[4, 3, 1, 1]",0.0,-2.5971490836073388
"[3, 2, 1, 2]",0.0,-3.2371947917104777
"[3, 7, 1, 3]",-0.8630770197388565,-1.846276624784268
"[2, 6, 1, 3]",-1.4101123159163333,-2.9679421298316466
"[1, 5, 0, 0]",0.0,-1.6864608664066714
"[0, 4, 0, 1]",0.0,-1.814869383088007
"[3, 4, 0, 1]",0.0,-2.673380662688452
"[2, 3, 0, 2]",0.0,-3.3426978527143243
"[1, 2, 0, 3]",-5.328837519369385,-3.9935096358643003
"[8, 6, 0, 3]",-1.6997067918978337,-1.3526607249120364
"[3, 7, 0, 1]",0.0,-1.992619463786406
"[2, 6, 0, 2]",0.0,-2.4111934624427525
"[7, 0, 1, 1]",-0.6852547855276567,-1.1882221486491613
"[6, 8, 1, 0]",0.0,-1.6890102905891078
"[5, 7, 1, 1]",0.0,-2.3260269131778766
"[4, 6, 1, 2]",0.0,-2.7426418748750194
"[8, 5, 1, 1]",0.0,-2.6543101121193025
"[7, 4, 1, 2]",0.0,-3.4098566753050377
"[6, 3, 1, 3]",-4.862114931313311,-4.221289357074561
"[4, 8, 0, 3]",-3.73410891322831,-4.065751043886221
"[3, 7, 1, 0]",0.0,-4.341540283667714
"[2, 6, 1, 1]",0.0,-4.846687969032572
"[1, 5, 1, 2]",0.0,-5.421060354101454
"[8, 4, 0, 0]",0.0,-3.1171947869414764
"[7, 3, 0, 1]",0.0,-3.651719830706295
"[6, 2, 0, 2]",0.0,-4.1376813014552605
"[3, 8, 0, 3]",-2.537865858346092,-4.007694817298674
"[2, 7, 0, 3]",-5.108374854245567,-4.588409433266991
"[1, 8, 1, 2]",0.0,-3.8522420060488662
"[5, 0, 1, 3]",-6.232827553041223,-1.4266169164811777
"[4, 6, 0, 0]",0.0,-2.151589356319486
"[3, 5, 0, 1]",0.0,-2.4772432363704735
"[2, 4, 0, 2]",0.0,-2.849294756991278
"[0, 2, 0, 3]",-5.342075500747634,-2.131900989078398
"[0, 1, 1, 0]",0.0,-5.969467599746445
"[3, 1, 0, 0]",0.0,-4.92180126740258
"[1, 7, 0, 2]",0.0,-1.558385836490962
"[8, 3, 0, 3]",-0.3222560741590216,-0.9870029816918616
"[7, 2, 1, 0]",0.0,-0.5669228461521901
"[6, 1, 1, 1]",0.0,-0.8495212747585262
"[5, 0, 1, 2]",0.0,-1.1712716372489542
"[8, 6, 1, 0]",0.0,-2.200981793283295
"[7, 5, 1, 1]",0.0,-2.781956371629562
"[6, 4, 1, 2]",0.0,-3.2074220167757033
"[4, 8, 1, 0]",0.0,-2.8612765151396404
"[3, 7, 1, 1]",0.0,-3.3951447293933743
"[2, 6, 1, 2]",0.0,-3.797842226103661
"[1, 5, 1, 3]",-2.009317051254772,-4.35962243801236
"[8, 0, 1, 2]",0.0,-1.8254027262156083
"[3, 8, 1, 3]",-0.408512048070192,-1.1900509785630073
"[2, 7, 1, 3]",-0.7021268997112923,-2.3420668760762218
"[1, 6, 0, 0]",0.0,-1.0925529166342518
"[0, 5, 0, 1]",0.0,-1.5105765183298152
"[6, 5, 1, 3]",-1.4208185669364295,-2.461168295330192
"[4, 3, 0, 0]",0.0,-4.109669310168853
"[8, 4, 0, 3]",-0.47113017094463716,-1.229140509083548
"[7, 3, 0, 3]",-0.9382909746895096,-1.7183657979095208
"[5, 8, 0, 2]",0.0,-2.968823002555512
"[3, 6, 0, 3]",-4.917932233415911,-4.199972770650287
"[0, 3, 1, 0]",0.0,-5.949782643166433
"[0, 1, 0, 1]",0.0,-4.560229278454596
"[8, 6, 0, 1]",0.0,-1.5199880364711302
"[7, 5, 0, 2]",0.0,-1.9225777399426733
"[8, 5, 0, 3]",-1.087646167038813,-0.6666939255727667
"[7, 4, 1, 0]",0.0,-1.5958692720970447
"[2, 8, 1, 1]",-0.0021420985470862537,-3.9221422692565455
"[1, 7, 1, 2]",0.0,-4.407355127671392
"[7, 8, 0, 0]",0.0,-0.3545107067060725
"[6, 7, 0, 1]",0.0,-1.2552585029204584
"[5, 6, 0, 2]",0.0,-2.178702537318711
"[6, 4, 1, 0]",0.0,-2.261480004197967
"[5, 3, 1, 1]",0.0,-2.656874849129832
"[4, 2, 1, 2]",0.0,-2.943010746077206
"[8, 2, 0, 3]",-0.9401367045512541,-1.5128026245163348
"[5, 2, 0, 0]",0.0,-5.597302118499272
"[4, 1, 0, 1]",0.0,-6.343358373440304
"[4, 3, 0, 1]",0.0,-4.198754593151572
"[3, 2, 0, 2]",0.0,-4.923387376884308
"[7, 5, 1, 0]",0.0,-2.3980881769112967
"[6, 4, 1, 1]",0.0,-3.0083991370078196
"[5, 3, 1, 2]",0.0,-3.4367445552592475
"[2, 4, 1, 1]",0.0,-5.327783067087262
"[1, 3, 1, 2]",0.0,-5.997019008597402
"[2, 8, 1, 0]",0.0,-4.841130087881199
"[1, 7, 1, 1]",0.0,-5.517724388675703
"[8, 7, 1, 3]",-0.615599899027626,-0.6535723801405864
"[7, 6, 1, 3]",-0.7972460137095119,-1.3782888249285241
"[6, 8, 1, 1]",0.0,-1.5585309459132812
"[5, 7, 1, 2]",0.0,-1.91687292926715
"[6, 7, 1, 1]",0.0,-0.6371587704268966
"[5, 6, 1, 2]",0.0,-1.477887256960802
"[3, 4, 1, 3]",-1.4058824166397252,-3.3719253491737193
"[1, 2, 0, 0]",0.0,-3.9897041002836873
"[1, 8, 0, 1]",0.0,-1.3202415367977236
"[0, 7, 0, 2]",-0.6856290878924711,-1.4701738706708072
"[3, 0, 0, 1]",0.0,-6.652126320001784
"[4, 8, 1, 1]",0.0,-2.2306122976619758
"[3, 7, 1, 2]",0.0,-2.5781752493273027
"[2, 8, 0, 1]",-0.5515607527816971,-1.343989640942156
"[2, 7, 1, 0]",0.0,-4.300552451770255
"[1, 6, 1, 1]",0.0,-5.755167914809658
"[5, 1, 1, 0]",0.0,-1.5188751826350757
"[8, 3, 0, 2]",0.0,-2.00400140276437
"[7, 2, 0, 3]",-0.7178012121106763,-2.60357958661166
"[6, 1, 0, 3]",-1.2243472160247333,-4.166345726745126
"[3, 6, 0, 1]",0.0,-2.0959770163972924
"[2, 5, 0, 2]",0.0,-2.6370522352342496
"[8, 3, 0, 1]",0.0,-2.61560341139608
"[7, 2, 0, 2]",-0.0002181394192374485,-3.61923512439921
"[5, 4, 1, 1]",0.0,-2.2570933207394175
"[4, 3, 1, 2]",0.0,-3.1822211459530756
"[8, 4, 1, 1]",0.0,-3.401849771733427
"[7, 3, 1, 2]",0.0,-4.04645789439268
"[6, 2, 1, 3]",-5.893340097690148,-3.852785523447324
"[4, 0, 0, 0]",0.0,-7.034704513894117
"[7, 4, 0, 3]",-0.6833256817440104,-1.567821864383303
"[6, 3, 1, 0]",0.0,-0.9934914486804411
"[5, 2, 1, 1]",0.0,-1.2901998640328705
"[4, 1, 1, 2]",0.0,-1.463309883317029
"[1, 0, 1, 2]",0.0,-3.8985483405521157
"[6, 2, 1, 0]",0.0,-1.1238432715474913
"[5, 1, 1, 1]",0.0,-1.2414681384804003
"[4, 0, 1, 2]",0.0,-1.2558152420058786
"[7, 4, 1, 3]",-3.920016279491716,-3.868933452288594
"[6, 2, 1, 1]",0.0,-0.9948216319231029
"[5, 1, 1, 2]",0.0,-1.105422635437637
"[6, 0, 1, 1]",0.0,-1.1038393934785409
"[5, 4, 0, 0]",0.0,-2.728692283564421
"[8, 5, 0, 2]",0.0,-1.09329079981704
"[5, 2, 1, 0]",0.0,-1.513110931158952
"[4, 1, 1, 1]",0.0,-1.706351955476822
"[7, 0, 1, 2]",0.0,-2.0606576549192477
"[8, 2, 1, 1]",-0.5483734283444383,-1.264069990540502
"[7, 1, 1, 2]",0.0,-1.5335125881039058
"[3, 0, 0, 0]",0.0,-5.928038784185071
"[6, 8, 0, 2]",0.0,-2.7688225354430416
"[5, 7, 0, 3]",-3.378132674834003,-3.3485533434064094
"[4, 6, 0, 3]",-4.067109108882675,-3.742673233385733
"[3, 5, 1, 0]",0.0,-4.744022032955766
"[7, 5, 1, 3]",-3.1552881890597884,-3.3821334295519616
"[6, 7, 1, 0]",0.0,-0.7705099855981796
"[5, 6, 1, 1]",0.0,-1.7475858848128394
"[4, 5, 1, 2]",0.0,-2.670126064583964
"[7, 1, 1, 1]",0.0,-1.2094733000417965
"[6, 0, 1, 2]",0.0,-1.3645558904889874
"[2, 8, 0, 0]",-0.5582313674257114,-0.8687684043693459
"[1, 7, 0, 1]",0.0,-0.9528340574319464
"[0, 6, 0, 2]",0.0,-0.9337737590632991
"[4, 7, 1, 0]",0.0,-3.321535311424821
"[3, 6, 1, 1]",0.0,-4.054810306883537
"[2, 5, 1, 2]",0.0,-4.469173021269196
"[0, 4, 0, 2]",0.0,-1.5728367013369842
"[4, 7, 0, 0]",0.0,-1.4722892409014927
"[2, 4, 1, 0]",0.0,-5.07821233678736
"[1, 7, 0, 0]",0.0,-0.843837191849442
"[3, 5, 0, 2]",0.0,-3.4008008320389775
"[6, 1, 0, 1]",0.0,-5.7764396203305095
"[3, 1, 1, 0]",0.0,-3.12865461611395
"[8, 5, 1, 3]",-2.791975260932465,-3.274476797048372
"[7, 4, 0, 0]",0.0,-3.5896019096385943
"[6, 3, 0, 1]",0.0,-4.190233179936911
"[8, 4, 1, 3]",-3.3471330771803194,-4.115543900505097
"[7, 3, 1, 3]",-4.837006397545863,-4.410738416287515
"[6, 2, 0, 0]",0.0,-5.544220880618505
"[5, 1, 0, 1]",0.0,-6.205449619241072
"[5, 1, 0, 2]",0.0,-5.476811514746995
"[2, 4, 0, 1]",0.0,-1.6654385698392142
"[1, 3, 0, 2]",0.0,-1.9531414497337214
"[7, 3, 0, 0]",0.0,-4.185150130085652
"[6, 2, 0, 1]",0.0,-4.884872611627576
"[8, 2, 1, 0]",0.0,-0.9510179363283732
"[5, 3, 0, 0]",0.0,-4.787672992646228
"[4, 2, 0, 1]",0.0,-5.367048751593323
"[3, 1, 0, 2]",0.0,-5.9827719211273696
"[6, 1, 1, 0]",0.0,-1.0276937709822276
"[1, 6, 1, 0]",0.0,-6.316672143483592
"[3, 8, 1, 2]",0.0,-1.9111486393233201
"[8, 6, 0, 0]",0.0,-1.7068302004391498
"[0, 7, 0, 1]",0.0,-1.190450444529761
"[8, 2, 0, 0]",0.0,-4.776712488336548
"[7, 1, 0, 1]",0.0,-5.214873076823061
"[5, 3, 0, 1]",0.0,-4.416199274455799
"[4, 2, 0, 2]",0.0,-4.965554335627937
"[8, 3, 1, 3]",-3.0287414172654596,-3.834260689827823
"[7, 2, 0, 0]",0.0,-4.542070614684552
"[7, 1, 1, 0]",0.0,-1.053293752475419
"[8, 4, 1, 2]",0.0,-3.7298898200491695
"[3, 7, 0, 2]",0.0,-3.6326129865609236
"[7, 8, 1, 3]",-0.12033615656574875,-0.3302973143131915
"[6, 7, 1, 3]",-0.7464639241028286,-0.4918981795887451
"[5, 6, 0, 0]",0.0,-1.5977863050206902
"[4, 5, 0, 1]",0.0,-2.7517781358133275
"[3, 4, 0, 2]",0.0,-3.492527989990849
"[4, 8, 0, 1]",0.0,-3.030348301420684
"[8, 4, 1, 0]",0.0,-1.9990986415972347
"[3, 8, 0, 2]",0.0,-3.6795108016324423
"[4, 6, 1, 0]",0.0,-3.9368850291389936
"[1, 6, 0, 1]",0.0,-1.002635952025412
"[0, 5, 0, 2]",0.0,-1.274478223534598
"[1, 8, 1, 0]",0.0,-5.65917450545442
"[7, 6, 0, 1]",0.0,-0.6523384562232173
"[6, 5, 0, 2]",0.0,-1.3557673734262066
"[2, 1, 1, 0]",0.0,-4.137219436137812
"[8, 3, 1, 0]",0.0,-0.4717806616245406
"[7, 2, 1, 1]",0.0,-0.8920155515439153
"[6, 1, 1, 2]",0.0,-1.0968162447712078
"[2, 5, 1, 0]",0.0,-5.601969330335133
"[1, 4, 1, 1]",0.0,-6.271082702134382
"[4, 1, 0, 0]",0.0,-6.072823859848339
"[8, 4, 0, 2]",0.0,-1.533728594862377
"[3, 4, 1, 1]",0.0,-4.2756203516415985
"[2, 3, 1, 2]",0.0,-4.92133054554577
"[8, 7, 0, 2]",0.0,-0.14384520236156534
"[8, 6, 1, 2]",0.0,-2.944456358143283
"[1, 3, 1, 0]",0.0,-4.877938078097365
"[6, 8, 0, 1]",0.0,-2.607479637616886
"[5, 7, 0, 2]",0.0,-3.1313975986912523
"[1, 5, 1, 1]",0.0,-6.205202996999356
"[4, 5, 0, 0]",0.0,-1.6942474931471398
"[1, 2, 1, 1]",0.0,-4.450775334614744
"[5, 2, 0, 1]",0.0,-5.2764518954919675
"[4, 1, 0, 2]",0.0,-5.828652806347491
"[3, 8, 1, 1]",0.0,-2.2043118298544617
"[2, 7, 1, 2]",-0.011746886364481658,-3.119337339375101
"[5, 4, 0, 1]",0.0,-3.11291287552398
"[4, 3, 0, 2]",0.0,-3.858134846011573
"[8, 7, 0, 0]",0.0,-0.2260739941840573
"[7, 8, 1, 2]",0.0,-0.10266115019858817
"[5, 1, 0, 0]",0.0,-6.640938856602586
"[7, 2, 1, 3]",-5.298576937606895,-3.8239404953574874
"[6, 1, 1, 3]",-6.732201431793406,-3.081695525414615
"[8, 1, 1, 1]",0.0,-1.5013004651340656
"[6, 3, 0, 0]",0.0,-4.660230334037116
"[1, 5, 0, 1]",0.0,-1.3641877678396992
"[8, 5, 1, 2]",0.0,-3.0677086107220406
"[3, 8, 1, 0]",0.0,-1.4089238791083312
"[2, 7, 1, 1]",0.0,-3.5809018712784915
"[1, 6, 1, 2]",0.0,-4.7171585942583825
"[4, 6, 0, 1]",0.0,-2.950473924482881
"[1, 8, 0, 0]",0.0,-0.8009384610238806
"[3, 2, 1, 0]",0.0,-2.2051902789113282
"[2, 1, 1, 1]",0.0,-3.323065506743646
"[6, 1, 0, 0]",0.0,-6.394985050144778
"[1, 8, 0, 2]",0.0,-1.7353308859814316
"[2, 3, 1, 0]",0.0,-3.861303398401295
"[7, 3, 1, 0]",0.0,-0.7363328137411903
"[7, 4, 0, 1]",0.0,-2.491280934016439
"[6, 3, 0, 2]",0.0,-3.112916673968501
"[2, 7, 0, 1]",0.0,-0.9954565105895644
"[1, 6, 0, 2]",0.0,-1.3618208304168118
"[5, 7, 0, 0]",0.0,-2.172186233530625
"[3, 8, 0, 0]",0.0,-0.6465778587873542
"[8, 1, 0, 0]",0.0,-5.5066820799175185
"[2, 3, 0, 0]",0.0,-2.342048666913803
"[1, 2, 0, 1]",0.0,-3.382355778321504
"[0, 1, 0, 2]",0.0,-3.873331448649555
"[5, 8, 0, 1]",0.0,-2.836422388846427
"[4, 7, 0, 2]",0.0,-3.4906360786269817
"[5, 8, 1, 1]",0.0,-1.7476746318785819
"[4, 7, 1, 2]",0.0,-2.0260355674903296
"[2, 6, 1, 0]",0.0,-5.552879247386233
"[7, 8, 1, 0]",-3.6740151110932e-05,-0.19669402134925432
"[4, 8, 0, 0]",0.0,-1.6094365503946373
"[1, 4, 1, 0]",0.0,-5.9548341053604315
"[7, 1, 0, 0]",0.0,-6.196179057800722
"[8, 7, 1, 1]",0.0,-0.5646942422900705
"[7, 6, 1, 2]",0.0,-1.4104064983764002
"[6, 4, 0, 0]",0.0,-3.8605577381731626
"[4, 5, 1, 0]",0.0,-2.9567885151599587
"[8, 1, 1, 0]",0.0,-0.848472578577552
"[4, 8, 1, 2]",0.0,-1.509205687942703
"[8, 3, 1, 2]",0.0,-3.014446236961664
"[7, 8, 0, 2]",0.0,-0.20097061608636813
"[8, 7, 0, 1]",0.0,-0.16635610105158113
"[7, 6, 0, 2]",0.0,-0.5020924238526482
"[7, 2, 1, 2]",0.0,-2.34281456176539
"[2, 6, 0, 0]",0.0,-1.137159436543892
"[5, 8, 1, 0]",0.0,-1.789774719393047
"[2, 7, 0, 0]",0.0,-0.6654105355028223
"[6, 5, 1, 0]",0.0,-1.0391510527180623
"[8, 7, 1, 2]",0.0,-0.6595259751594434
"[3, 5, 0, 0]",0.0,-1.4281898567747355
"[5, 8, 1, 2]",0.0,-1.214537327703541
"[8, 3, 1, 1]",0.0,-1.299474500771436
"[5, 4, 1, 0]",0.0,-1.6863443227806776
"[5, 8, 0, 0]",0.0,-1.5595902596236215
"[7, 6, 0, 0]",0.0,-1.2883372269345656
"[8, 5, 1, 0]",0.0,-1.772853854351225
"[5, 6, 0, 1]",0.0,-1.8380453180606002
"[6, 5, 0, 0]",0.0,-1.7983134685317768
"[6, 7, 0, 0]",0.0,-0.4753292833639545
"[8, 5, 0, 0]",0.0,-1.4137225467238177
