"[9, 9, 0, 0]",-0.02633045700104849,-0.12697001556392346
"[9, 9, 1, 0]",-0.0390706798201166,-0.1517236659309611
"[9, 9, 1, 1]",-0.03152079457441114,-0.11029279836889916
"[9, 9, 1, 2]",-0.08436409254271846,-0.1315255669226344
"[9, 9, 1, 3]",-0.15037832340113563,-0.11870332259183375
"[9, 9, 0, 1]",-0.023966306488446547,-0.13149380979924316
"[9, 9, 0, 2]",-0.062346829089696354,-0.1244999044427786
"[9, 9, 0, 3]",-0.15871796669847274,-0.1491277923500285
"[9, 8, 0, 2]",-0.1868736253373173,-0.21589341425516503
"[9, 7, 0, 3]",-0.3711466654153,-0.20026736160105377
"[9, 6, 0, 3]",-0.3828025763701829,-0.15647496572221073
"[9, 5, 0, 3]",-0.29379571370712,-0.14965441453660844
"[9, 4, 0, 3]",-0.21540421802659465,-0.15570676897309552
"[9, 3, 0, 3]",-0.2053150345523779,-0.1694190181751589
"[9, 2, 1, 0]",-0.5781397194075669,-0.2607130409774346
"[9, 1, 1, 1]",0.0,-0.30649774604869917
"[8, 0, 1, 2]",0.0,-0.2366146028161197
"[7, 9, 1, 3]",-0.47783577054525583,-0.1671821733769979
"[6, 9, 1, 3]",-0.38040535857799723,-0.185294095401614
"[5, 9, 1, 3]",-0.2728323766958067,-0.21089693129508316
"[4, 9, 0, 0]",0.0,-0.3271278360814675
"[3, 9, 0, 1]",0.0,-0.4772459850520644
"[2, 9, 0, 2]",-0.6119582438876842,-0.5615182611109355
"[1, 9, 0, 3]",-4.114940911163108,-0.43252956694367717
"[0, 9, 0, 3]",-4.022132359531444,-0.24512425661603057
"[0, 9, 1, 0]",0.0,-4.388329797173426
"[0, 9, 1, 1]",-0.2255332709655425,-3.7162297990041506
"[0, 9, 1, 2]",-0.3841980013513534,-3.000909003203898
"[0, 8, 1, 3]",-1.3816994118773755,-2.236095794097951
"[0, 7, 1, 3]",-1.3717647789175613,-2.2776741652051644
"[0, 6, 0, 0]",0.0,-0.2985411643916392
"[1, 5, 0, 1]",0.0,-0.4814313818616486
"[0, 4, 0, 2]",0.0,-0.6703081921947782
"[9, 2, 0, 3]",-0.19190980913837352,-0.19161759837480274
"[9, 1, 1, 0]",0.0,-0.22303431977060306
"[9, 0, 1, 1]",-0.7387185149727412,-0.22787898558413305
"[8, 9, 1, 3]",-0.5042586145343254,-0.18345332977720655
"[6, 9, 0, 0]",0.0,-0.5580273847252397
"[5, 9, 0, 1]",0.0,-0.6974442944488026
"[4, 9, 0, 2]",0.0,-0.9079697924916811
"[3, 9, 0, 3]",-2.581292110336463,-1.1264801727609677
"[2, 9, 0, 3]",-3.0535538949246677,-0.9578486935568995
"[1, 9, 1, 0]",0.0,-3.363183713000328
"[0, 6, 1, 3]",-1.7692099508018937,-2.868933597241046
"[0, 5, 0, 0]",0.0,-0.913158977221235
"[6, 4, 0, 1]",0.0,-1.9232956039149174
"[5, 3, 0, 2]",0.0,-2.1085426260943123
"[4, 2, 0, 3]",-1.6355805822392853,-2.3413763435254036
"[3, 1, 0, 3]",-2.616768509097705,-3.7982819881517393
"[2, 0, 1, 0]",0.0,-2.9623079186732655
"[1, 9, 1, 1]",0.0,-2.713598900875547
"[0, 9, 1, 3]",-1.2902623404259117,-2.1806950661749753
"[0, 9, 0, 0]",-1.380944334345496,-0.21301969103173607
"[8, 9, 0, 2]",-0.08308447285069359,-0.30715554390910765
"[7, 9, 0, 3]",-0.4019088955799745,-0.34016706314014167
"[6, 9, 0, 3]",-0.48396364756993315,-0.8179604314715861
"[5, 9, 0, 3]",-0.945300726366816,-1.2388141306772964
"[4, 9, 1, 0]",0.0,-0.8950284258121689
"[3, 9, 1, 1]",0.0,-0.9638704970930133
"[2, 9, 1, 2]",-0.01564915764004699,-1.0497104801339097
"[1, 8, 1, 3]",-0.29999020711210034,-1.2075468767544528
"[9, 5, 0, 1]",0.0,-0.16420969781970587
"[9, 4, 0, 2]",0.0,-0.15950688263783486
"[8, 1, 0, 3]",-0.24932715195889646,-1.2045474743855717
"[7, 0, 1, 0]",-1.0821266168559671,-0.3095833751947637
"[6, 9, 1, 1]",0.0,-0.18032674310448144
"[5, 9, 1, 2]",0.0,-0.20830256292452262
"[4, 9, 1, 3]",-0.2505369609097926,-0.2415760107428859
"[3, 9, 1, 3]",-0.28585191200671267,-0.26674814957451026
"[2, 9, 0, 0]",-0.5915140498385327,-0.35316342934628175
"[1, 9, 0, 1]",0.0,-0.3685046249448569
"[0, 9, 0, 2]",-0.760604063683771,-0.2697697103850962
"[0, 8, 0, 0]",-0.7558067850899723,-0.1971113003584376
"[9, 7, 0, 1]",-0.07778561473504672,-0.1301879062672797
"[9, 6, 0, 2]",0.0,-0.1431799947323284
"[9, 1, 0, 3]",-0.25310975868230684,-1.1709187934014096
"[9, 0, 0, 3]",-1.4808057675582365,-2.365831250886762
"[9, 0, 1, 0]",-0.7378278828250591,-0.42862869525553565
"[7, 9, 0, 0]",0.0,-0.5668145423495605
"[6, 9, 0, 1]",0.0,-0.6813862270676962
"[5, 9, 0, 2]",0.0,-1.0466565845370406
"[4, 9, 0, 3]",-1.522046495902402,-1.673523550784786
"[2, 8, 1, 0]",0.0,-3.520623203649191
"[1, 7, 1, 1]",0.0,-3.9698167381095737
"[0, 6, 1, 2]",0.0,-4.432623696480689
"[0, 5, 1, 3]",-2.302641596167193,-3.8349184874451705
"[0, 4, 1, 3]",-3.0014354891857784,-4.573193338076206
"[0, 3, 1, 3]",-3.8658004743788816,-4.664977423386201
"[0, 2, 1, 3]",-4.89968501857049,-4.178603845387074
"[0, 1, 1, 3]",-5.610203839186848,-3.4249046910788388
"[0, 0, 0, 0]",0.0,-5.036512621731287
"[9, 0, 0, 1]",0.0,-3.7943877010462366
"[9, 0, 0, 2]",-0.4285807742731844,-3.362324183344018
"[8, 9, 0, 3]",-0.23761789169682201,-0.2882862264641728
"[6, 9, 1, 0]",0.0,-0.23198930266900378
"[5, 9, 1, 1]",0.0,-0.24635445686771218
"[4, 9, 1, 2]",0.0,-0.23088400817539825
"[2, 9, 1, 3]",-0.29675813706913534,-0.3476620861857811
"[1, 9, 0, 0]",0.0,-0.3198294727827637
"[0, 9, 0, 1]",-0.5484501281952371,-0.44627042153177987
"[1, 9, 0, 2]",0.0,-0.4413762745095741
"[1, 8, 0, 3]",-5.3275920748656596,-0.6876948343377786
"[0, 7, 0, 3]",-5.604001799920271,-0.6820561015601894
"[0, 6, 1, 0]",0.0,-6.2669942732114015
"[0, 5, 1, 1]",0.0,-5.8386676775503945
"[0, 4, 1, 2]",0.0,-5.343906870609
"[0, 1, 0, 0]",0.0,-3.896663376108223
"[0, 0, 0, 1]",-1.0590706758875188,-4.030586953707791
"[0, 0, 0, 2]",0.0,-3.089781137990006
"[5, 0, 0, 3]",-1.9478320345751818,-3.677199478310031
"[4, 0, 0, 3]",-2.7823322570522437,-4.298397872592041
"[3, 0, 0, 3]",-3.5498606752951307,-4.822652544085317
"[2, 0, 0, 3]",-4.489793252303161,-4.2777170665502515
"[1, 0, 0, 3]",-5.397825948432048,-3.7579352853052295
"[0, 0, 0, 3]",-5.317620768222665,-2.5284018155874524
"[9, 8, 1, 2]",-0.03802578239043876,-0.2560564989049745
"[9, 7, 1, 3]",-0.3102435304813165,-0.2773005140414799
"[8, 6, 1, 3]",-1.3288062604127109,-0.5435927195335897
"[7, 5, 0, 0]",0.0,-1.6693054664176552
"[2, 9, 1, 0]",-0.03503767026769846,-2.5014872885690367
"[9, 8, 1, 0]",-0.04132473229694883,-0.43278160840943186
"[9, 7, 1, 1]",0.0,-0.4993041849056773
"[9, 6, 1, 2]",0.0,-0.545764824443446
"[9, 5, 1, 3]",-0.8304639295181405,-0.6068321601649566
"[9, 4, 1, 3]",-1.6055823987166982,-0.5433071305442666
"[9, 3, 0, 0]",0.0,-1.838565445648913
"[8, 2, 0, 1]",0.0,-2.50542399512758
"[7, 1, 0, 2]",0.0,-2.6661847107868666
"[6, 0, 0, 3]",-1.3983160872458023,-2.7976549984349597
"[4, 0, 1, 0]",0.0,-1.3106938211296568
"[1, 9, 1, 3]",-0.22556381396598937,-1.177132660659006
"[9, 8, 1, 1]",-0.08598137010768063,-0.44066744066074437
"[9, 7, 1, 2]",-0.03717467696964184,-0.4734742211031456
"[9, 6, 1, 3]",-0.24164667698500764,-0.5617190555964082
"[9, 2, 0, 1]",0.0,-1.8611976172840312
"[9, 1, 0, 2]",0.0,-2.098891530738353
"[8, 0, 0, 3]",-1.4061725848647806,-2.5341276515913393
"[6, 0, 1, 1]",0.0,-0.19813389076896207
"[5, 3, 1, 2]",0.0,-0.5923352569598128
"[4, 2, 1, 3]",-3.2993695539309322,-0.40627234277151747
"[3, 1, 1, 3]",-4.271240575477155,-0.3166070357315944
"[2, 0, 1, 3]",-4.5979547240091625,-0.3899900353219022
"[8, 9, 0, 0]",-0.03679925416315288,-0.5814058365304824
"[7, 9, 0, 1]",0.0,-0.6875817016180867
"[6, 9, 0, 2]",0.0,-0.9258987822576613
"[2, 8, 0, 3]",-4.503000211197852,-0.47563669669328584
"[1, 7, 1, 0]",0.0,-4.944689169091788
"[0, 6, 1, 1]",0.0,-5.511389074217549
"[0, 5, 1, 2]",0.0,-5.128362247689166
"[0, 2, 0, 0]",-2.0869539375571757,-3.0850811275783876
"[9, 1, 0, 1]",0.0,-2.7850539925306954
"[7, 5, 1, 3]",-2.340813473436321,-0.5385442673570923
"[6, 4, 0, 0]",0.0,-2.7944545053010517
"[5, 3, 0, 1]",0.0,-3.1806635525496896
"[4, 2, 0, 2]",0.0,-3.4879983386206965
"[1, 0, 1, 0]",0.0,-3.561665313341496
"[5, 1, 0, 1]",0.0,-4.94611653964451
"[4, 0, 0, 2]",0.0,-5.354533576469971
"[0, 8, 1, 1]",-0.2320458393038558,-4.298625267562473
"[0, 7, 1, 2]",0.0,-3.6228463904377777
"[0, 4, 0, 0]",0.0,-1.3361334554104762
"[0, 0, 1, 0]",0.0,-4.790346311291404
"[8, 5, 0, 3]",-0.37950186410717474,-0.26331058326336954
"[7, 4, 0, 3]",-0.2980596422204726,-0.39192677845810414
"[6, 3, 0, 3]",-0.48904589760282824,-0.8442010220152907
"[5, 2, 1, 0]",0.0,-0.6018351843886405
"[4, 1, 1, 1]",0.0,-0.6910674047603721
"[3, 0, 1, 2]",0.0,-1.075565977249374
"[9, 3, 1, 3]",-2.3913376208982675,-0.33799378960176835
"[9, 2, 1, 3]",-3.086590769318184,-0.30389738318080084
"[9, 1, 1, 3]",-3.9931864572043434,-0.28773830595617433
"[9, 0, 1, 3]",-3.9968789351914182,-0.1983894138630419
"[9, 0, 0, 0]",0.0,-4.344014299084777
"[9, 2, 1, 2]",0.0,-0.4335335748553349
"[9, 5, 0, 0]",0.0,-0.2206285884072776
"[9, 4, 0, 1]",0.0,-0.20338264894167263
"[9, 3, 0, 2]",0.0,-0.20169097621057813
"[9, 0, 1, 2]",-0.5872770761771422,-0.2753930430685805
"[3, 9, 1, 0]",0.0,-1.6723031374327066
"[2, 8, 1, 1]",0.0,-2.384874018106862
"[1, 7, 1, 2]",0.0,-2.6321517526472418
"[0, 3, 0, 0]",0.0,-1.781923371528088
"[3, 0, 1, 1]",0.0,-1.419471971658936
"[4, 9, 0, 1]",0.0,-0.5181853357505689
"[3, 9, 0, 2]",0.0,-0.7548099628195798
"[8, 9, 1, 2]",0.0,-0.14540859651956695
"[3, 9, 0, 0]",0.0,-0.33526330740459825
"[2, 8, 0, 1]",0.0,-0.18649331023036286
"[1, 7, 0, 2]",0.0,-0.23226005188438792
"[0, 6, 0, 3]",-5.381840974358995,-0.2263521943911742
"[3, 5, 0, 3]",-3.10325423314944,-0.7014269413541372
"[2, 4, 1, 0]",0.0,-3.4540527950282343
"[1, 3, 1, 1]",0.0,-3.792038438535367
"[0, 2, 1, 2]",0.0,-4.124063453767987
"[0, 0, 1, 3]",-5.391924815559347,-2.465068897700018
"[7, 0, 0, 3]",-1.4709745952243234,-2.5810864897912142
"[6, 0, 1, 0]",0.0,-0.8069298124388699
"[2, 8, 1, 3]",-0.19709804761783464,-0.22648941962169344
"[1, 7, 0, 0]",0.0,-0.237687293914497
"[0, 6, 0, 1]",0.0,-0.23552033502903746
"[1, 5, 0, 2]",0.0,-0.22389131090190603
"[0, 4, 0, 3]",-4.186600571711837,-0.47353827651291347
"[9, 2, 1, 1]",-0.5824557468944945,-0.2209956890804246
"[9, 1, 1, 2]",0.0,-0.25596248796392645
"[8, 9, 1, 0]",-0.19827479706382917,-0.20393426753219351
"[7, 9, 1, 1]",-0.08346412498833335,-0.17019812274388232
"[6, 9, 1, 2]",0.0,-0.17545329178418273
"[9, 4, 1, 0]",0.0,-0.37750195047186297
"[9, 3, 1, 1]",0.0,-0.46577783311278503
"[8, 0, 1, 3]",-5.345883152655153,-0.42363367741916386
"[7, 0, 0, 0]",0.0,-5.9081506318619486
"[6, 0, 0, 1]",0.0,-5.368655490149423
"[5, 0, 0, 2]",0.0,-4.838877436407801
"[5, 8, 1, 0]",0.0,-1.2154589145822456
"[4, 7, 1, 1]",0.0,-1.3545825542562437
"[3, 6, 1, 2]",0.0,-1.504381892815579
"[2, 5, 1, 3]",-1.2925631929726662,-1.6674972737290807
"[1, 4, 1, 3]",-1.815374372839753,-3.2238652725272514
"[9, 6, 1, 1]",0.0,-0.4923576775043277
"[9, 5, 1, 2]",0.0,-0.5764996921312423
"[9, 2, 0, 0]",0.0,-2.4626420066020187
"[5, 0, 1, 0]",0.0,-0.3982647561381464
"[4, 9, 1, 1]",0.0,-0.24814570281522266
"[3, 9, 1, 2]",0.0,-0.28474317887741296
"[0, 7, 0, 0]",-1.1465374207461907,-0.5109635254392173
"[2, 6, 0, 1]",0.0,-0.22925321145194788
"[1, 3, 0, 3]",-4.252999155947061,-0.48892283384236535
"[0, 2, 1, 0]",0.0,-4.69753456710845
"[0, 1, 1, 1]",0.0,-4.142601430396821
"[0, 0, 1, 2]",0.0,-3.3962246496451693
"[9, 8, 1, 3]",-0.13451508493380568,-0.3018407606879667
"[9, 7, 0, 0]",-0.08451927620754915,-0.25520958862597676
"[9, 6, 0, 1]",0.0,-0.1391357321380583
"[9, 5, 0, 2]",0.0,-0.15597801352493898
"[2, 9, 0, 1]",-1.080729196070586,-0.44899219351917996
"[5, 3, 1, 1]",0.0,-0.5866386767000745
"[4, 2, 1, 2]",0.0,-0.6873960783573008
"[1, 5, 1, 3]",-1.1522623876312577,-2.7599632384059523
"[3, 8, 0, 1]",0.0,-0.363101708683388
"[2, 7, 0, 2]",0.0,-0.41914075016021246
"[1, 6, 0, 3]",-4.838944127562462,-0.7511025288734072
"[0, 5, 0, 3]",-4.810279824892875,-0.6180499483124818
"[0, 4, 1, 0]",0.0,-5.341112447550643
"[0, 3, 1, 1]",0.0,-4.799063122373054
"[5, 0, 0, 1]",0.0,-5.880718793969162
"[9, 8, 0, 1]",0.0,-0.1522641197924729
"[9, 7, 0, 2]",-0.028577318202913628,-0.13670600773726113
"[9, 3, 1, 0]",0.0,-0.22376741763126046
"[8, 1, 1, 2]",0.0,-0.3618537032942311
"[7, 0, 1, 3]",-5.757522476390528,-0.21350925798166873
"[6, 1, 1, 3]",-5.0564726205942785,-0.31080213744425667
"[5, 0, 0, 0]",0.0,-5.875456261067629
"[4, 0, 0, 1]",0.0,-5.3247744062669025
"[3, 0, 0, 2]",0.0,-4.838835668957141
"[9, 4, 0, 0]",0.0,-0.8709140434002238
"[9, 3, 0, 1]",0.0,-0.9535247568268828
"[8, 2, 0, 2]",0.0,-1.268571831760219
"[7, 1, 0, 3]",-0.41358924949706594,-1.5679262923760064
"[5, 7, 0, 1]",0.0,-0.6259930764097729
"[4, 6, 0, 2]",0.0,-0.4654562445515324
"[2, 4, 0, 3]",-3.306230315803859,-0.6540679149511996
"[4, 6, 0, 1]",0.0,-0.4703010239764576
"[3, 5, 0, 2]",0.0,-0.530208713533786
"[0, 2, 0, 3]",-4.3481153920676014,-0.3336330541197515
"[0, 1, 1, 0]",0.0,-4.85758865506233
"[0, 0, 1, 1]",0.0,-4.417302888286562
"[8, 2, 1, 1]",-0.8364400549865384,-0.22109442615545752
"[7, 1, 1, 2]",0.0,-0.2218301300331671
"[6, 0, 1, 3]",-5.3523500537648685,-0.26155355745264874
"[0, 8, 1, 0]",-0.23602627886930813,-5.37255981001218
"[0, 7, 1, 1]",0.0,-4.93559577349805
"[4, 2, 0, 1]",0.0,-3.47150643210736
"[3, 1, 0, 2]",0.0,-3.8841873135785887
"[0, 5, 0, 1]",0.0,-0.2765339601153748
"[8, 0, 1, 0]",-0.5091608302010195,-0.16000309810346897
"[1, 7, 1, 3]",-0.28017445435988286,-1.418179314927233
"[0, 8, 0, 3]",-5.385426290743435,-0.2378095726825969
"[1, 7, 0, 3]",-5.697717352376904,-0.693261887147065
"[1, 5, 0, 3]",-4.824300139360376,-0.2923069400267257
"[0, 3, 1, 0]",0.0,-4.633130915689276
"[0, 2, 1, 1]",0.0,-4.021184749654746
"[0, 1, 1, 2]",0.0,-3.310143602199865
"[6, 2, 1, 1]",0.0,-0.2576469408612983
"[5, 1, 1, 2]",0.0,-0.35140130243121903
"[4, 0, 1, 3]",-4.1884319298515384,-0.3614374438842822
"[2, 9, 1, 1]",-0.07434718956161993,-1.8345080167054357
"[1, 9, 1, 2]",0.0,-1.9955869686532388
"[7, 9, 1, 0]",-0.1565015270387614,-0.22197473925981326
"[2, 8, 0, 0]",-0.7862334206225272,-0.22911105446093166
"[1, 7, 0, 1]",0.0,-0.2489764881963955
"[0, 6, 0, 2]",0.0,-0.2197903045977083
"[9, 5, 1, 0]",0.0,-0.4816840457262028
"[9, 4, 1, 1]",0.0,-0.5267946998055804
"[9, 3, 1, 2]",0.0,-0.4305344762806719
"[9, 2, 0, 2]",-0.071797216825386,-1.0227281763825458
"[8, 4, 1, 1]",0.0,-0.3993467970009983
"[7, 3, 1, 2]",0.0,-0.45258498655968343
"[6, 2, 1, 3]",-4.213026065138452,-1.1332799607748911
"[5, 1, 1, 3]",-4.750037290287462,-0.39191155218845036
"[3, 0, 0, 0]",0.0,-4.673235437478852
"[2, 0, 0, 1]",-0.834040339574234,-4.069721027442239
"[1, 0, 0, 2]",0.0,-3.3217796665556123
"[3, 0, 1, 0]",0.0,-2.4796846293493178
"[8, 3, 0, 3]",-0.22743349613448577,-0.31078978039921257
"[7, 2, 1, 0]",-0.5635553262105819,-0.22263829199196566
"[6, 1, 1, 1]",0.0,-0.22137773533329874
"[5, 0, 1, 2]",0.0,-0.22867997696345696
"[9, 8, 0, 3]",-0.39723108290353243,-0.15851209141445538
"[8, 7, 0, 3]",-0.8469271283266853,-0.7653620979180538
"[7, 6, 0, 3]",-0.9630365411868714,-0.8443305671934962
"[6, 5, 0, 3]",-1.0239353148666974,-0.9278154867443608
"[5, 4, 0, 3]",-1.0398531633254957,-1.5784641618221789
"[4, 3, 0, 3]",-1.7760236070513908,-2.387053272551128
"[3, 2, 0, 3]",-2.601381604009192,-2.914518809899435
"[2, 1, 0, 3]",-3.535138035363425,-3.175618290008453
"[4, 8, 1, 0]",0.0,-1.7818498127048463
"[3, 7, 1, 1]",0.0,-2.2149288661994073
"[2, 6, 1, 2]",0.0,-2.5124098324738284
"[9, 6, 1, 0]",0.0,-0.49200203084860455
"[9, 5, 1, 1]",0.0,-0.6292289700588074
"[9, 4, 1, 2]",0.0,-0.6155403286663944
"[8, 9, 0, 1]",-0.03229801949440871,-0.5574596254479802
"[7, 9, 0, 2]",0.0,-0.677116299440229
"[2, 8, 1, 2]",0.0,-1.1855444759964533
"[7, 3, 0, 1]",0.0,-2.1732714761595417
"[6, 2, 0, 2]",0.0,-2.435034031794262
"[5, 1, 0, 3]",-1.0176354147785094,-2.6145960797832886
"[2, 5, 1, 1]",0.0,-3.9201518712173824
"[1, 4, 1, 2]",0.0,-4.308759176082393
"[0, 7, 1, 0]",0.0,-5.946140586349402
"[9, 8, 0, 0]",-0.1460411821567509,-0.12669972618271938
"[8, 6, 1, 0]",0.0,-0.43622370282471656
"[7, 5, 1, 1]",0.0,-0.6354448949039405
"[6, 4, 1, 2]",0.0,-0.6390769925641964
"[5, 3, 1, 3]",-3.0200775181113135,-0.4881181358613756
"[3, 1, 0, 0]",0.0,-3.6797469351024854
"[9, 1, 0, 0]",0.0,-3.3932142277888095
"[1, 0, 1, 1]",0.0,-2.9969595427646833
"[0, 8, 0, 1]",-0.36996666374810006,-0.19440354907593602
"[8, 1, 1, 3]",-5.361724377451756,-0.25573115105420147
"[1, 5, 1, 1]",0.0,-4.889199087541828
"[5, 9, 1, 0]",0.0,-0.2347084468831306
"[0, 7, 0, 1]",-1.1459821990218362,-0.21577107818564256
"[8, 1, 1, 0]",0.0,-0.2510118875647829
"[7, 0, 1, 1]",-1.169901844133185,-0.18762758717637215
"[8, 5, 1, 3]",-1.1428523347688042,-0.7303042292110525
"[7, 4, 0, 0]",0.0,-1.888902078322552
"[6, 3, 0, 1]",0.0,-2.632045122592318
"[5, 2, 0, 2]",0.0,-2.919184484166313
"[4, 1, 0, 3]",-1.9648849380155005,-3.231493117974574
"[9, 6, 0, 0]",0.0,-0.1645284072778633
"[8, 5, 1, 2]",0.0,-0.6245449910430342
"[7, 4, 1, 3]",-2.661005008308154,-0.9647892097488456
"[6, 3, 1, 3]",-3.261390157111867,-0.6190810893751852
"[5, 2, 0, 0]",0.0,-3.911242446563804
"[4, 1, 0, 1]",0.0,-4.369898899269756
"[9, 7, 1, 0]",-0.0239890849056071,-0.4334776260106112
"[5, 9, 0, 0]",0.0,-0.41951527651909415
"[5, 8, 0, 1]",0.0,-0.6308549660761433
"[4, 7, 0, 2]",0.0,-0.7756077081054292
"[3, 6, 0, 3]",-3.2657611787378995,-0.5666539227226035
"[2, 5, 0, 3]",-3.772762414844112,-0.5076696396780132
"[1, 4, 0, 3]",-4.186609213391893,-0.5198340385106462
"[0, 3, 0, 3]",-4.240879354856384,-0.4599663135971216
"[5, 8, 0, 3]",-1.3505155415109655,-0.9991964108522481
"[4, 7, 0, 3]",-2.3861979907734874,-0.7864805066602248
"[3, 6, 1, 0]",0.0,-3.307343377868218
"[3, 7, 0, 3]",-3.733325324890367,-0.8777617373848692
"[2, 6, 1, 0]",0.0,-4.403336614027746
"[6, 3, 1, 0]",0.0,-0.31777682969862503
"[5, 2, 1, 1]",0.0,-0.3145956140560833
"[4, 1, 1, 2]",0.0,-0.3664467160856287
"[3, 0, 1, 3]",-4.160076456092192,-0.554353596213835
"[7, 1, 1, 3]",-5.811112278215243,-0.6006075088990446
"[6, 0, 0, 0]",0.0,-6.385202031680984
"[2, 6, 0, 2]",0.0,-0.3177188099142386
"[6, 3, 0, 0]",0.0,-3.4359420612956733
"[5, 2, 0, 1]",0.0,-4.03294089880823
"[4, 1, 0, 2]",0.0,-4.438118821714891
"[8, 6, 0, 1]",0.0,-0.8108642374188625
"[7, 5, 0, 2]",0.0,-0.8648566005600065
"[6, 4, 0, 3]",-0.41321380818443165,-0.9263971513609728
"[5, 3, 0, 3]",-1.0422323421621273,-1.4531830312954548
"[4, 2, 1, 0]",0.0,-1.17805063378579
"[3, 1, 1, 1]",0.0,-1.2341787270045563
"[2, 0, 1, 2]",-2.089424091102574,-1.208180272525147
"[1, 0, 0, 0]",0.0,-5.021851423548804
"[7, 8, 0, 3]",-1.0923795212905432,-1.020869028678765
"[6, 7, 0, 3]",-1.5700378606766086,-1.067574440505418
"[5, 6, 0, 3]",-1.6546065241473074,-1.1069196741468064
"[4, 5, 0, 3]",-1.7587919130548806,-1.1967197891275163
"[3, 4, 1, 0]",0.0,-2.397106951872845
"[2, 3, 1, 1]",0.0,-2.8602543339405684
"[1, 2, 1, 2]",0.0,-3.036405819339681
"[8, 7, 1, 1]",0.0,-0.8732796031483365
"[7, 6, 1, 2]",0.0,-1.0530067393702804
"[6, 5, 1, 3]",-1.715565962378356,-1.2214709780733264
"[5, 4, 1, 3]",-2.1479083267645476,-1.4204494710470916
"[4, 3, 1, 3]",-2.1815567690883593,-1.827821906683206
"[3, 2, 1, 3]",-3.1895080443626997,-2.118048778662423
"[2, 1, 1, 3]",-4.468532980846994,-1.5249274164683173
"[1, 0, 1, 3]",-4.376744376641884,-1.677704098564557
"[4, 5, 1, 0]",0.0,-2.192713029503451
"[3, 4, 1, 1]",0.0,-2.6244712832812334
"[2, 3, 1, 2]",0.0,-3.0828316407672225
"[1, 2, 1, 3]",-3.4600027753729723,-3.6412819847074447
"[8, 4, 1, 0]",0.0,-0.3633077251744815
"[7, 3, 1, 1]",0.0,-0.3635697653588467
"[6, 2, 1, 2]",0.0,-0.3495599610676331
"[3, 5, 1, 3]",-0.9596113002347666,-1.532936928276398
"[2, 4, 0, 0]",0.0,-0.9757067928168505
"[1, 3, 0, 1]",0.0,-1.0015725370012942
"[0, 2, 0, 2]",-1.5264751433029202,-1.050941118658579
"[0, 5, 1, 0]",0.0,-5.892251704813933
"[0, 4, 1, 1]",0.0,-5.344329358534154
"[0, 3, 1, 2]",0.0,-4.7308247450883885
"[5, 2, 0, 3]",-0.9026103481545882,-1.9775931315512798
"[4, 1, 1, 0]",0.0,-1.121323262938633
"[2, 5, 1, 0]",0.0,-3.954999256125611
"[1, 4, 1, 1]",0.0,-4.413072179866982
"[8, 3, 1, 3]",-1.506141018803569,-0.9972274377307027
"[7, 2, 1, 3]",-2.7849651035761687,-1.0970377055543337
"[6, 1, 0, 0]",0.0,-4.803410158730303
"[8, 5, 0, 1]",0.0,-0.7412994908883939
"[7, 4, 0, 2]",0.0,-0.8157646441572877
"[2, 8, 0, 2]",-0.9040071084043372,-0.4635591591398909
"[8, 2, 1, 0]",-0.5497876841839783,-0.1813575972788142
"[7, 1, 1, 1]",0.0,-0.20102983078451728
"[6, 0, 1, 2]",0.0,-0.2259756405260891
"[1, 4, 1, 0]",0.0,-4.332359971332302
"[0, 1, 0, 1]",0.0,-2.9530617435737208
"[3, 5, 0, 1]",0.0,-0.4582383856779919
"[2, 4, 0, 2]",0.0,-0.6066016776179687
"[8, 6, 0, 2]",0.0,-0.36404722068868883
"[7, 5, 0, 3]",-0.4742343503575658,-0.4176797751877106
"[5, 3, 1, 0]",0.0,-0.40989108696019216
"[4, 2, 1, 1]",0.0,-0.35902419309775097
"[3, 1, 1, 2]",0.0,-0.3247807537475755
"[1, 6, 1, 3]",-0.361591526896865,-1.8560823175515813
"[0, 8, 1, 2]",-0.24153281077996697,-3.0772944324553553
"[8, 3, 0, 1]",0.0,-1.4050122001589878
"[7, 2, 0, 2]",0.0,-1.9627510528966412
"[6, 1, 0, 3]",-0.504554997856963,-2.4767704562152875
"[2, 6, 1, 1]",0.0,-3.5462300635132253
"[1, 5, 1, 2]",0.0,-3.9445989906027776
"[8, 4, 0, 1]",0.0,-0.8943102644736851
"[7, 3, 0, 2]",0.0,-1.0320921758012787
"[6, 2, 0, 3]",-0.37741975064008354,-1.1677626678247772
"[3, 5, 1, 1]",0.0,-3.1641071965300323
"[2, 4, 1, 2]",0.0,-3.4665363805755023
"[1, 3, 1, 3]",-2.5163249382006057,-3.7559420604102285
"[8, 2, 1, 2]",-0.8222129983282414,-0.5316206497504046
"[4, 8, 1, 3]",-0.2120446839285881,-0.2725185729833198
"[3, 7, 1, 3]",-0.3222439820273991,-0.38616438085380267
"[2, 6, 0, 0]",0.0,-0.36841248583658004
"[8, 4, 0, 2]",0.0,-0.3342290368725665
"[7, 3, 0, 3]",-0.25736232330086495,-0.3100601195279443
"[5, 1, 1, 0]",0.0,-0.5025656964835198
"[4, 0, 1, 1]",0.0,-0.6532223397636912
"[5, 8, 0, 2]",0.0,-0.9125159908038708
"[7, 2, 0, 1]",0.0,-2.7918383368191346
"[6, 1, 0, 2]",0.0,-3.328023463294123
"[6, 8, 1, 3]",-0.4941034439425152,-0.3375257002804622
"[5, 7, 0, 0]",0.0,-0.5279442684892705
"[5, 8, 1, 2]",0.0,-0.2747350067839826
"[4, 7, 1, 3]",-0.21820533656228597,-0.3235973378528143
"[3, 6, 1, 3]",-0.3946771104414315,-1.1047655464800286
"[2, 5, 0, 0]",0.0,-0.4707499334945205
"[1, 4, 0, 1]",0.0,-0.47204557660404917
"[0, 3, 0, 2]",0.0,-0.37184106284177443
"[2, 6, 1, 3]",-0.3616167739430709,-0.8839998006022398
"[1, 5, 0, 0]",0.0,-0.40957378665916633
"[0, 4, 0, 1]",0.0,-0.424344770760543
"[8, 9, 1, 1]",-0.059445815771707634,-0.13313561550034278
"[7, 9, 1, 2]",-0.04298328953820297,-0.15171965806878726
"[8, 0, 0, 2]",0.0,-3.146927833847004
"[8, 7, 0, 0]",0.0,-1.1370809586445934
"[7, 6, 0, 1]",0.0,-1.2735687835088367
"[6, 5, 0, 2]",0.0,-1.4157833632519181
"[6, 2, 0, 1]",0.0,-3.512968586193253
"[5, 1, 0, 2]",0.0,-3.847082577600869
"[6, 4, 1, 1]",0.0,-0.5682604910718198
"[2, 0, 0, 0]",0.0,-4.7658811076110155
"[1, 0, 0, 1]",0.0,-3.9801328424722193
"[6, 1, 0, 1]",0.0,-4.524057091653609
"[5, 0, 1, 3]",-4.653976310055395,-0.29432478189899614
"[4, 0, 0, 0]",0.0,-5.266243386225004
"[3, 0, 0, 1]",0.0,-4.707346464053492
"[2, 0, 0, 2]",0.0,-4.166702490078475
"[7, 3, 1, 3]",-3.546066050971461,-0.44227627971586286
"[6, 2, 0, 0]",0.0,-4.315070251635358
"[7, 2, 0, 0]",0.0,-3.051442608624427
"[6, 7, 0, 1]",0.0,-0.9245196525381356
"[5, 6, 0, 2]",0.0,-1.1682789343038502
"[3, 4, 0, 3]",-2.1140624988356875,-1.2607605026930988
"[2, 3, 0, 3]",-3.350990298173877,-1.1990064168216648
"[1, 2, 0, 3]",-4.317140620127472,-1.335111284495839
"[2, 1, 1, 2]",0.0,-1.3134381403538766
"[6, 5, 1, 0]",0.0,-1.138801608356668
"[5, 4, 1, 1]",0.0,-1.2227982926463123
"[4, 3, 1, 2]",0.0,-1.250276220098648
"[7, 2, 0, 3]",-0.3192426984837144,-0.4442312591529126
"[6, 1, 1, 0]",0.0,-0.3157737864374702
"[5, 0, 1, 1]",0.0,-0.28721808105265884
"[8, 6, 1, 1]",0.0,-0.6246458416742121
"[7, 5, 1, 2]",0.0,-0.6407361896388114
"[6, 4, 1, 3]",-2.7534395242420513,-0.5303631905366882
"[4, 2, 0, 0]",0.0,-3.4202503066965155
"[3, 1, 0, 1]",0.0,-3.7295805085393385
"[8, 4, 1, 3]",-2.4013286391902997,-0.4776924004398063
"[7, 3, 0, 0]",0.0,-3.0712735875718415
"[1, 8, 0, 2]",0.0,-0.24475002664988837
"[8, 2, 0, 3]",-0.18623847447955943,-0.30459144022600654
"[0, 8, 0, 2]",-1.0598590441316316,-0.4328271855495088
"[8, 4, 0, 3]",-0.23694474609868904,-0.2178772885556836
"[1, 3, 1, 0]",0.0,-3.6410590585736737
"[5, 7, 1, 3]",-0.41060072906375544,-0.323396627982109
"[4, 6, 1, 3]",-0.3242630304852625,-0.9589981454647488
"[3, 7, 0, 0]",0.0,-0.22686154375167425
"[8, 0, 0, 0]",0.0,-5.357291957546708
"[7, 0, 0, 1]",-0.2630905923793133,-4.991693501309602
"[6, 0, 0, 2]",0.0,-4.417807674784698
"[2, 5, 0, 1]",0.0,-0.3470189611946546
"[1, 4, 0, 2]",0.0,-0.36695383273612014
"[3, 8, 1, 2]",0.0,-0.5333308874705635
"[2, 7, 1, 3]",-0.34834033917358265,-0.5377640622951707
"[7, 8, 1, 3]",-0.8186768875568518,-0.7922285947256665
"[6, 7, 1, 3]",-0.896547697583545,-0.8818080842600472
"[5, 6, 1, 3]",-0.9926615957916064,-1.0405662305018053
"[4, 5, 0, 0]",0.0,-1.1024596032841587
"[3, 4, 0, 1]",0.0,-1.250574628911939
"[2, 3, 0, 2]",0.0,-1.3678853256483074
"[0, 1, 0, 3]",-4.381441532887774,-1.346244955638709
"[8, 6, 0, 3]",-0.40915496452895456,-0.3738179635126834
"[7, 5, 1, 0]",0.0,-0.48926724897186447
"[4, 8, 1, 2]",0.0,-0.3747814296098387
"[5, 2, 1, 3]",-3.808493527339837,-0.7755497062873616
"[4, 1, 1, 3]",-4.174578117061273,-0.41881970608475366
"[6, 7, 0, 0]",0.0,-1.0106714614373349
"[5, 6, 0, 1]",0.0,-1.1861452565087074
"[4, 5, 0, 2]",0.0,-1.2508965699284447
"[6, 8, 0, 3]",-1.3933580102287404,-0.8554383672321125
"[5, 7, 0, 3]",-2.286755760367281,-0.6978819080714487
"[4, 6, 1, 0]",0.0,-2.788469154443609
"[4, 8, 0, 2]",0.0,-0.7314729153953062
"[2, 6, 0, 3]",-4.402877243926643,-0.4409227613130672
"[1, 5, 1, 0]",0.0,-4.932354028842622
"[8, 4, 1, 2]",0.0,-0.5174700591583985
"[5, 1, 0, 0]",0.0,-4.844450910510078
"[8, 0, 1, 1]",-1.4397461325632177,-0.4534590815731671
"[2, 1, 1, 0]",0.0,-2.8537619352214487
"[6, 2, 1, 0]",0.0,-0.30406199339286766
"[5, 1, 1, 1]",0.0,-0.32055372454953496
"[4, 0, 1, 2]",0.0,-0.30296041659827444
"[6, 8, 1, 2]",0.0,-0.32998119672550025
"[3, 5, 0, 0]",0.0,-0.36408677729022465
"[2, 4, 0, 1]",0.0,-0.3838419747082397
"[1, 3, 0, 2]",0.0,-0.38291246702631737
"[6, 7, 1, 0]",0.0,-1.4756264257709302
"[5, 6, 1, 1]",0.0,-1.7642773473537963
"[4, 5, 1, 2]",0.0,-1.9638699846944365
"[3, 4, 1, 3]",-1.9083313700715883,-2.216155057160154
"[2, 3, 1, 3]",-2.49841626620346,-3.020411627590542
"[8, 5, 1, 1]",0.0,-0.6224687423273674
"[7, 4, 1, 2]",0.0,-0.6339563697697217
"[4, 1, 0, 0]",0.0,-4.250911126829564
"[8, 6, 0, 0]",0.0,-1.1833575296715553
"[7, 5, 0, 1]",0.0,-1.2581489803824086
"[6, 4, 0, 2]",0.0,-1.3459632894898406
"[7, 3, 1, 0]",0.0,-0.25725857588467965
"[8, 2, 1, 3]",-4.474533255222961,-0.8598020060434945
"[1, 8, 1, 0]",0.0,-4.034872900308952
"[4, 6, 0, 0]",0.0,-0.40511367769537593
"[3, 8, 1, 3]",-0.24981570484024987,-0.34097378244227
"[2, 7, 0, 0]",0.0,-0.27302312320757366
"[1, 6, 0, 1]",0.0,-0.2869392151243469
"[0, 5, 0, 2]",0.0,-0.26219107119508417
"[1, 2, 0, 0]",0.0,-2.726956369194362
"[7, 1, 1, 0]",0.0,-0.19841235397800502
"[1, 4, 0, 0]",0.0,-1.4678039639079932
"[0, 3, 0, 1]",0.0,-1.3199331930789713
"[8, 3, 0, 2]",0.0,-0.4575059515442787
"[5, 7, 1, 1]",0.0,-1.249889706188542
"[4, 6, 1, 2]",0.0,-1.3848711362579007
"[2, 4, 1, 3]",-1.676016166322025,-2.5647997480398117
"[1, 3, 0, 0]",0.0,-1.8013369579458682
"[0, 2, 0, 1]",0.0,-1.9283999266604892
"[6, 4, 1, 0]",0.0,-0.530425608884913
"[3, 1, 1, 0]",0.0,-1.9831604521712882
"[2, 0, 1, 1]",-1.541218104509571,-2.359718271998339
"[3, 8, 0, 0]",0.0,-0.23433120763613974
"[2, 7, 0, 1]",-0.7432804630030084,-0.31677880373078393
"[1, 6, 0, 2]",0.0,-0.5279384905348893
"[7, 8, 0, 2]",0.0,-0.9404555365318
"[1, 2, 1, 0]",0.0,-3.730610832655913
"[2, 4, 1, 1]",0.0,-3.4046400967030004
"[1, 3, 1, 2]",0.0,-3.715314200250073
"[8, 2, 0, 0]",0.0,-3.495191118238995
"[7, 1, 0, 1]",0.0,-3.9800043883960106
"[8, 7, 1, 3]",-1.1888917752271646,-1.0384826820818684
"[7, 6, 1, 3]",-1.43752639815133,-1.080512502964991
"[5, 4, 0, 0]",0.0,-2.201442276779952
"[4, 3, 0, 1]",0.0,-2.5837130047647854
"[3, 2, 0, 2]",0.0,-2.88547035322921
"[4, 6, 0, 3]",-2.7136822750972724,-0.6507839595758939
"[4, 8, 1, 1]",0.0,-0.8712748515164431
"[3, 7, 1, 2]",0.0,-0.8833972462594243
"[4, 7, 1, 0]",0.0,-2.1342672555975195
"[3, 6, 1, 1]",0.0,-2.7159148744897443
"[2, 5, 1, 2]",0.0,-2.9506328540746196
"[1, 8, 0, 0]",0.0,-0.24624941174704099
"[2, 3, 1, 0]",0.0,-2.660032080435996
"[1, 2, 1, 1]",0.0,-3.094950549109804
"[6, 8, 1, 0]",0.0,-1.1236338812650093
"[8, 6, 1, 2]",0.0,-0.5697020608121552
"[5, 3, 0, 0]",0.0,-3.097122964524994
"[1, 8, 0, 1]",0.0,-0.30206764791720714
"[0, 7, 0, 2]",0.0,-0.23257685644093873
"[7, 1, 0, 0]",0.0,-4.911806148256885
"[2, 1, 0, 0]",0.0,-3.669874769981843
"[3, 8, 0, 2]",0.0,-0.4053479702421999
"[2, 7, 0, 3]",-3.414906454521352,-0.7785688513573055
"[8, 3, 0, 0]",0.0,-0.7565653997375295
"[4, 8, 0, 3]",-2.2431904640166285,-1.0189387839519977
"[3, 7, 1, 0]",0.0,-2.9719647767479667
"[3, 8, 0, 3]",-1.3837722285049328,-0.5836712535339706
"[2, 7, 1, 0]",0.0,-2.9054660167494264
"[1, 6, 1, 1]",0.0,-4.466325606216985
"[7, 8, 0, 1]",0.0,-0.8155618738467717
"[6, 7, 0, 2]",0.0,-1.0466836221041385
"[8, 7, 0, 2]",0.0,-0.7402558383622101
"[5, 4, 1, 0]",0.0,-1.130609503373884
"[4, 3, 1, 1]",0.0,-1.215372514628591
"[3, 2, 1, 2]",0.0,-1.3479372231877915
"[4, 3, 1, 0]",0.0,-1.1672250025312005
"[3, 2, 1, 1]",0.0,-1.2688363874009914
"[4, 5, 1, 3]",-1.0478316018803895,-1.69054140428941
"[2, 3, 0, 0]",0.0,-2.064079059486053
"[1, 2, 0, 1]",0.0,-2.073497776306583
"[0, 1, 0, 2]",0.0,-2.0882447690713093
"[2, 1, 0, 1]",0.0,-3.0429691951545186
"[8, 5, 0, 2]",0.0,-0.3292386476983598
"[5, 8, 1, 1]",0.0,-0.8068430224920718
"[4, 7, 1, 2]",0.0,-0.946046061318916
"[1, 8, 1, 2]",0.0,-2.143919506874698
"[8, 1, 1, 1]",0.0,-0.28206265897279775
"[7, 0, 1, 2]",0.0,-0.27115780707353215
"[7, 6, 1, 0]",0.0,-1.03790045082762
"[6, 5, 1, 1]",0.0,-1.1668568105163164
"[5, 4, 1, 2]",0.0,-1.3424109850376122
"[5, 8, 1, 3]",-0.28285247408299596,-0.1844674499265209
"[4, 7, 0, 0]",0.0,-0.3426526037268711
"[3, 6, 0, 1]",0.0,-0.48755192988604656
"[2, 5, 0, 2]",0.0,-0.5543163925340162
"[6, 8, 1, 1]",0.0,-0.901086371297495
"[5, 7, 1, 2]",0.0,-0.9453868903761773
"[3, 6, 0, 0]",0.0,-0.2802343005839763
"[4, 5, 0, 1]",0.0,-1.171034407420852
"[3, 4, 0, 2]",0.0,-1.29228829674085
"[5, 8, 0, 0]",0.0,-0.4040089391307632
"[4, 7, 0, 1]",0.0,-0.5586559957893781
"[3, 6, 0, 2]",0.0,-0.6971612065981899
"[8, 0, 0, 1]",0.0,-4.410273564614605
"[7, 0, 0, 2]",0.0,-3.6825573847173803
"[3, 5, 1, 0]",0.0,-3.082085432477144
"[8, 4, 0, 0]",0.0,-1.748934206590874
"[3, 2, 0, 0]",0.0,-2.6805156251771978
"[3, 7, 0, 2]",0.0,-0.5416746659827242
"[7, 8, 1, 0]",0.0,-1.1192162802415992
"[6, 7, 1, 1]",0.0,-1.27517361121718
"[5, 6, 1, 2]",0.0,-1.4628679860482445
"[5, 6, 0, 0]",0.0,-1.0259474408576383
"[7, 8, 1, 2]",0.0,-0.7084680208836875
"[8, 3, 1, 2]",0.0,-0.7946645790454987
"[5, 2, 1, 2]",0.0,-0.45525801507604374
"[4, 8, 0, 1]",0.0,-0.6089718933966428
"[8, 7, 0, 1]",0.0,-0.6319463607706208
"[7, 6, 0, 2]",0.0,-0.8365734827178865
"[8, 1, 0, 1]",0.0,-3.330741000395879
"[7, 8, 0, 0]",0.0,-0.3352883365076868
"[5, 6, 1, 0]",0.0,-2.025192638951262
"[4, 5, 1, 1]",0.0,-2.384621815141425
"[3, 4, 1, 2]",0.0,-2.6749578031904546
"[7, 4, 1, 0]",0.0,-0.4348017943064358
"[6, 3, 1, 1]",0.0,-0.49287793161854515
"[8, 3, 1, 1]",0.0,-0.3135604872699282
"[7, 2, 1, 2]",0.0,-0.38714509515679785
"[7, 4, 0, 1]",0.0,-1.4599382120428812
"[6, 3, 0, 2]",0.0,-1.5892272050846048
"[3, 2, 1, 0]",0.0,-2.037879937626591
"[2, 1, 1, 1]",0.0,-2.3071545761164414
"[1, 0, 1, 2]",0.0,-2.3273878534051393
"[1, 6, 1, 0]",0.0,-4.983425714549927
"[3, 8, 1, 1]",0.0,-1.2679474297918774
"[2, 7, 1, 2]",0.0,-1.66494534121834
"[6, 8, 0, 1]",0.0,-0.6087346015946237
"[5, 7, 0, 2]",0.0,-0.5359014142597093
"[6, 8, 0, 2]",0.0,-0.9545418466616985
"[7, 8, 1, 1]",-0.08516888744573407,-0.659892327231345
"[6, 7, 1, 2]",0.0,-0.8799719733742071
"[3, 4, 0, 0]",0.0,-1.177445701024298
"[2, 3, 0, 1]",0.0,-1.270577954631289
"[1, 2, 0, 2]",0.0,-1.3077266180938394
"[8, 5, 0, 0]",0.0,-1.2933941292266904
"[7, 6, 0, 0]",0.0,-1.550429253125923
"[6, 5, 0, 1]",0.0,-1.8698456864203896
"[5, 4, 0, 2]",0.0,-2.14039713731917
"[8, 5, 1, 0]",0.0,-0.48662979686825836
"[7, 4, 1, 1]",0.0,-0.5336831488317813
"[6, 3, 1, 2]",0.0,-0.460014906993175
"[8, 3, 1, 0]",0.0,-0.2086001332365769
"[7, 2, 1, 1]",-0.7109722519706067,-0.26099184323944696
"[6, 1, 1, 2]",0.0,-0.2589065873091864
"[8, 1, 0, 2]",0.0,-2.2617850951997425
"[4, 3, 0, 0]",0.0,-2.5104411182922437
"[3, 2, 0, 1]",0.0,-2.79683638652514
"[2, 1, 0, 2]",0.0,-3.0488912379748245
"[6, 5, 1, 2]",0.0,-1.1201777903497954
"[8, 1, 0, 0]",0.0,-4.2761152215717315
"[6, 5, 0, 0]",0.0,-1.949156102703638
"[5, 4, 0, 1]",0.0,-2.3526320925208357
"[4, 3, 0, 2]",0.0,-2.6373255641543167
"[3, 7, 0, 1]",0.0,-0.32208606045250987
"[5, 7, 1, 0]",0.0,-1.6421610675061196
"[4, 6, 1, 1]",0.0,-1.865999719444475
"[3, 5, 1, 2]",0.0,-2.0994994042029975
"[1, 6, 0, 0]",0.0,-0.3394733255365211
"[6, 8, 0, 0]",0.0,-0.555540841590659
"[4, 8, 0, 0]",0.0,-0.2808550232100535
"[1, 8, 1, 1]",0.0,-3.2868649261512752
"[8, 7, 1, 2]",0.0,-0.9679695033744115
"[8, 7, 1, 0]",0.0,-0.5300906599478071
"[7, 6, 1, 1]",0.0,-0.9802014070301348
"[2, 7, 1, 1]",0.0,-2.442108825226979
"[1, 6, 1, 2]",0.0,-3.1469536969906637
"[3, 8, 1, 0]",0.0,-0.5296273329023237
