"[9, 9, 0, 0]",-0.0011086922410464344,-0.009715049052663731
"[9, 9, 0, 1]",0.0,-0.011352438025777654
"[9, 9, 0, 2]",0.0,-0.010042434483284625
"[9, 9, 0, 3]",-0.022557372914054838,-0.012089307540353717
"[9, 9, 1, 0]",-0.0030777323048684197,-0.017131081347304806
"[9, 9, 1, 1]",-0.001291636307240147,-0.012457552322445737
"[9, 9, 1, 2]",-0.004044840946362555,-0.011390501281070095
"[9, 9, 1, 3]",-0.01346866587905775,-0.009231639801407223
"[8, 9, 1, 0]",0.0,-0.0165499104773875
"[7, 9, 1, 1]",0.0,-0.01658830142508842
"[6, 9, 1, 2]",0.0,-0.020888792632135257
"[5, 9, 1, 3]",-0.07991313111282723,-0.02434849584208912
"[4, 9, 1, 3]",-0.039570754066743305,-0.029959532940128455
"[3, 9, 0, 0]",0.0,-0.05175177754359857
"[2, 9, 0, 1]",-0.196967238426751,-0.06456014884926482
"[1, 9, 0, 2]",0.0,-0.07046265095950606
"[0, 8, 0, 3]",-3.10958479819228,-0.08565878625714832
"[9, 7, 0, 3]",-0.10665678848800723,-0.030966179333407992
"[9, 6, 0, 3]",-0.10729830127555948,-0.022220916422518323
"[9, 5, 1, 0]",0.0,-0.15002244939040077
"[9, 4, 1, 1]",0.0,-0.18584046747857438
"[9, 3, 1, 2]",0.0,-0.1974630291228019
"[9, 2, 1, 3]",-1.9880668230315472,-0.1624044215005015
"[9, 1, 1, 3]",-2.8204112293481227,-0.05214376810795195
"[9, 0, 0, 0]",-0.10232550941646736,-3.502699284349111
"[9, 0, 0, 1]",-0.19580506799014377,-3.070564526280545
"[9, 0, 0, 2]",-0.1976247647369359,-2.532728550424546
"[9, 0, 0, 3]",-1.0462310493314517,-1.8735193584914496
"[8, 0, 0, 3]",-1.070719283344559,-1.9200615154280007
"[7, 0, 1, 0]",-0.07517409397390104,-0.060607724656649355
"[6, 3, 1, 1]",0.0,-0.13597098194588395
"[5, 2, 1, 2]",0.0,-0.19169077892129258
"[4, 1, 1, 3]",-2.396671319583884,-0.20500080123722847
"[3, 0, 1, 3]",-2.6484435160342428,-0.22245027026688574
"[2, 9, 1, 3]",-0.042360877963986264,-0.04327538561893342
"[1, 8, 1, 3]",-0.042474809749468274,-0.858370329609953
"[0, 7, 0, 0]",-0.3012607732810381,-0.06775710339622568
"[2, 6, 0, 1]",0.0,-0.07983509743581546
"[1, 5, 0, 2]",0.0,-0.13980697027090444
"[0, 4, 0, 3]",-2.708345142134248,-0.19136517905241818
"[5, 3, 0, 3]",-0.4418340073413959,-0.7524148881984523
"[4, 2, 0, 3]",-0.9386726744152982,-1.176381336624166
"[3, 1, 0, 3]",-1.4177369748966557,-2.5164797581723115
"[2, 0, 0, 3]",-3.092362384485223,-3.3012039726724334
"[1, 0, 1, 0]",0.0,-2.655804041548633
"[0, 9, 1, 1]",-0.10459151548614934,-3.082565168057212
"[0, 9, 1, 2]",-0.19680974309951063,-2.6670856163608314
"[0, 8, 1, 3]",-1.0824225487046149,-1.9611141717228455
"[0, 7, 1, 3]",-1.0644112082255592,-2.016986465802467
"[0, 6, 0, 0]",0.0,-0.0959467685628212
"[9, 5, 0, 1]",0.0,-0.02464713545777584
"[9, 4, 0, 2]",0.0,-0.02686879464345152
"[9, 3, 0, 3]",-0.04890813349913313,-0.03636256951082838
"[9, 2, 0, 3]",-0.04702732865637006,-0.12284277207183468
"[9, 1, 1, 0]",0.0,-0.06442880536741091
"[9, 0, 1, 1]",-0.27023617933852834,-0.09428511115200808
"[8, 9, 1, 1]",-0.006386330981901823,-0.020220019411638465
"[7, 9, 1, 2]",-0.02057227779799805,-0.031032736655071988
"[6, 9, 1, 3]",-0.11480319268616826,-0.024399875877886976
"[5, 8, 1, 3]",-0.059056298459521234,-0.0567613042999349
"[4, 7, 0, 0]",0.0,-0.08619854748389638
"[3, 6, 0, 1]",0.0,-0.1245512164841936
"[2, 5, 0, 2]",0.0,-0.20451511104782819
"[1, 4, 0, 3]",-2.4807574666127143,-0.24164003537671372
"[0, 3, 0, 3]",-2.7156003070002654,-0.16565992651634837
"[9, 1, 0, 3]",-0.03924987619152468,-0.8853760113693329
"[9, 0, 1, 0]",-0.5135401722703937,-0.044508692796284735
"[9, 6, 1, 1]",0.0,-0.20660626751427283
"[9, 5, 1, 2]",0.0,-0.2524344344971392
"[9, 4, 1, 3]",-0.8038211515989757,-0.19186119503016305
"[9, 3, 1, 3]",-1.345013680204756,-0.15476190966987105
"[9, 0, 1, 3]",-2.8237106987364293,-0.04254410300670318
"[8, 0, 1, 3]",-2.875924682831571,-0.3037273479463216
"[7, 9, 1, 3]",-0.10961889626589175,-0.030530871537284267
"[6, 9, 0, 0]",0.0,-0.14717381773112634
"[5, 9, 0, 1]",0.0,-0.18331699265162385
"[4, 8, 0, 2]",0.0,-0.19153231917114086
"[3, 7, 0, 3]",-1.1438513611730328,-0.40349968827311605
"[2, 6, 0, 3]",-1.9935576995110107,-0.33300465471668494
"[1, 5, 0, 3]",-2.886835590257151,-0.22679366897902353
"[0, 4, 1, 0]",0.0,-3.8999703926694664
"[0, 3, 1, 1]",0.0,-3.676455535607615
"[0, 2, 1, 2]",0.0,-3.3724816266386535
"[0, 1, 1, 3]",-3.8127132926859097,-2.9273329954478786
"[0, 0, 1, 3]",-3.803174915163203,-2.1925526055805813
"[0, 0, 0, 0]",0.0,-3.6583156422952037
"[9, 4, 1, 2]",0.0,-0.1944139178720382
"[9, 8, 0, 3]",-0.09796082869091521,-0.02144409096686239
"[9, 7, 1, 0]",0.0,-0.14118236971550432
"[9, 2, 0, 0]",0.0,-1.6782187823179273
"[9, 1, 0, 1]",0.0,-2.074426493407775
"[8, 9, 0, 3]",-0.03054290028360358,-0.044470690687467854
"[7, 9, 0, 3]",-0.07081591473243656,-0.05231280458458408
"[6, 8, 1, 0]",0.0,-0.3448137289589818
"[5, 7, 1, 1]",0.0,-0.4560251138637408
"[4, 6, 1, 2]",0.0,-0.5806062916966627
"[3, 5, 1, 3]",-0.4322033331523913,-0.7198314173887603
"[2, 4, 1, 3]",-0.8794333280414073,-1.2559167986150481
"[1, 3, 0, 0]",0.0,-1.0810897596429856
"[0, 2, 0, 1]",-0.4562120950967119,-1.4301994851163455
"[9, 1, 0, 2]",0.0,-1.5788868660881241
"[9, 7, 1, 1]",0.0,-0.16338628758562834
"[9, 6, 1, 2]",0.0,-0.2131832728474467
"[9, 5, 1, 3]",-0.3083373413635165,-0.21891929629215906
"[9, 3, 0, 0]",0.0,-1.0087089616898788
"[9, 2, 0, 1]",0.0,-1.2672411297487265
"[9, 1, 1, 1]",0.0,-0.07646154411478934
"[9, 0, 1, 2]",-0.12463568441148128,-0.07577089162599007
"[8, 9, 0, 2]",-0.005207697850947151,-0.0395428392364348
"[6, 9, 0, 3]",-0.04950920380007015,-0.20844714751516263
"[5, 9, 0, 3]",-0.3396923132445363,-0.23708149052592478
"[4, 9, 1, 0]",0.0,-0.43674430673251946
"[3, 9, 1, 1]",0.0,-0.5809418008064889
"[2, 9, 1, 2]",0.0,-0.7275882350799724
"[1, 9, 1, 3]",-0.056971963580792956,-0.9320150033669722
"[0, 9, 1, 3]",-1.1557819005261445,-2.086729025222242
"[0, 9, 0, 0]",-0.5522292798845755,-0.07314965107986207
"[5, 9, 1, 0]",0.0,-0.05627372884317816
"[4, 9, 1, 1]",0.0,-0.0491574109143913
"[3, 9, 1, 2]",0.0,-0.04457645958981925
"[0, 8, 0, 0]",-0.2181338786590085,-0.0489658548467002
"[9, 7, 0, 1]",0.0,-0.018796015618964424
"[9, 6, 0, 2]",0.0,-0.0184580986136824
"[9, 5, 0, 3]",-0.071662824669594,-0.0223191246454896
"[9, 4, 0, 3]",-0.03514235634243351,-0.02845836123442694
"[9, 8, 0, 2]",0.0,-0.01793198019404283
"[7, 0, 0, 3]",-1.0765711365501174,-1.9433633118251414
"[6, 0, 1, 0]",0.0,-0.05292605735254054
"[5, 2, 1, 1]",0.0,-0.13498727675689276
"[4, 1, 1, 2]",0.0,-0.19220794048544138
"[2, 1, 1, 3]",-2.579835880032441,-0.94368891473528
"[1, 0, 0, 0]",0.0,-3.6599611951312623
"[0, 0, 0, 1]",-0.31313462963265587,-3.2409426665174523
"[8, 9, 0, 0]",0.0,-0.11757943149590518
"[7, 9, 0, 1]",0.0,-0.15909184066884527
"[6, 9, 0, 2]",0.0,-0.19784354737771223
"[4, 9, 0, 3]",-0.7946893052248365,-0.2223958757663534
"[3, 9, 0, 3]",-1.3396192190092622,-0.28807739508691255
"[2, 9, 1, 0]",0.0,-1.6361561847062651
"[1, 9, 1, 1]",0.0,-2.045759750667381
"[4, 9, 0, 2]",0.0,-0.21908073799279548
"[2, 9, 0, 3]",-1.9735424991738666,-0.3396577929480321
"[1, 9, 0, 3]",-2.7728761072982686,-0.2336342237099157
"[0, 9, 1, 0]",0.0,-3.4555663609830685
"[9, 8, 0, 1]",-0.017135323173003637,-0.015318230099037279
"[9, 7, 0, 2]",-0.016887307442180144,-0.020537292284822626
"[8, 5, 0, 3]",-0.05900487180081115,-0.05373959943787245
"[7, 4, 0, 3]",-0.06884468143888958,-0.10451026669986764
"[6, 3, 0, 3]",-0.1359075785765412,-0.39131414063805586
"[5, 2, 0, 3]",-0.47008249706720756,-0.7063232719624258
"[4, 1, 1, 0]",0.0,-0.5857373544078247
"[3, 0, 1, 1]",0.0,-0.7148990128314529
"[0, 6, 1, 3]",-1.275057837314021,-2.3312242858023637
"[0, 5, 1, 3]",-1.4988275438797063,-2.5936984566644026
"[0, 4, 0, 0]",0.0,-0.6198251082900548
"[9, 3, 0, 1]",0.0,-0.5946994498608497
"[9, 2, 0, 2]",0.0,-0.731346656017235
"[9, 8, 1, 1]",0.0,-0.1261679979263693
"[9, 7, 1, 2]",0.0,-0.17308752901371
"[9, 6, 1, 3]",-0.03748957561292279,-0.21409401903426029
"[8, 0, 1, 0]",-0.5906600671622013,-0.0391882290410581
"[7, 4, 1, 1]",0.0,-0.09402814549621348
"[6, 3, 1, 2]",0.0,-0.1532374613094106
"[5, 2, 1, 3]",-0.8810083323887532,-0.1947120775960843
"[2, 0, 0, 0]",0.0,-3.6191826267078318
"[1, 0, 0, 1]",0.0,-3.288391968748857
"[0, 0, 0, 2]",0.0,-2.8465911128291483
"[0, 9, 0, 3]",-2.777752776498204,-0.066031603822301
"[8, 9, 1, 3]",-0.10073453129450435,-0.024311676323470772
"[3, 9, 1, 3]",-0.04310942424711434,-0.03713296997402823
"[1, 9, 0, 0]",0.0,-0.05602383316681799
"[0, 9, 0, 1]",-0.7513711075926272,-0.06808596408925051
"[5, 9, 0, 2]",0.0,-0.21236017307972985
"[9, 8, 0, 0]",-0.01793550362573019,-0.01390237558364988
"[9, 3, 1, 0]",0.0,-0.04478268402177233
"[9, 2, 1, 1]",-0.1866017744264182,-0.05485683476352163
"[9, 1, 1, 2]",0.0,-0.058936299441193114
"[9, 8, 1, 3]",-0.03880555076046125,-0.03393720366773366
"[9, 7, 1, 3]",-0.04643456540290699,-0.03854747504574468
"[9, 5, 0, 0]",0.0,-0.052552644529541906
"[9, 4, 0, 1]",0.0,-0.0704325764546172
"[9, 3, 0, 2]",0.0,-0.08348999606373732
"[7, 5, 1, 1]",0.0,-0.15379115976123783
"[6, 4, 1, 2]",0.0,-0.2056949294086152
"[5, 3, 1, 3]",-1.2927422515046953,-0.39055400585432903
"[4, 2, 1, 3]",-1.7675205976319766,-0.23360115951016136
"[3, 1, 1, 3]",-2.7470041178031184,-0.3084116007539088
"[4, 0, 0, 3]",-1.8758856018687098,-2.9698665689748887
"[3, 0, 0, 3]",-2.4857409262799286,-3.5201689998210517
"[2, 0, 1, 0]",-0.8444476833181825,-1.8207227451606518
"[1, 6, 1, 1]",0.0,-2.287114362473089
"[0, 5, 1, 2]",0.0,-3.515391004937164
"[0, 4, 1, 3]",-1.9302772192007627,-3.1158498273186135
"[0, 3, 1, 3]",-2.4935013913621447,-3.483017119631457
"[0, 2, 0, 0]",0.0,-1.828321439180261
"[8, 5, 1, 1]",0.0,-0.03869534494439204
"[7, 4, 1, 2]",0.0,-0.10631584778317171
"[6, 3, 1, 3]",-0.3812610088233314,-0.18061970946783673
"[4, 1, 0, 0]",0.0,-2.1707251103914396
"[3, 0, 0, 1]",0.0,-3.682068310666193
"[2, 0, 0, 2]",-0.31315010978075364,-3.3038489039578813
"[1, 0, 0, 3]",-3.4594197506046305,-2.8689274510210727
"[0, 0, 0, 3]",-3.917925783775132,-2.2090363683018115
"[9, 6, 1, 0]",0.0,-0.14455634621844807
"[9, 5, 1, 1]",0.0,-0.19147553561996017
"[9, 1, 0, 0]",0.0,-2.4933845875531473
"[4, 8, 1, 3]",-0.04582029322966445,-0.047156200528992484
"[3, 7, 1, 3]",-0.06774314909927535,-0.07652675394535124
"[2, 6, 1, 3]",-0.10946562553858231,-0.3612737946640544
"[1, 5, 0, 0]",0.0,-0.14617499336938206
"[0, 4, 0, 1]",0.0,-0.14900753807979839
"[8, 2, 1, 3]",-2.0472032409588135,-0.15208465491251266
"[7, 1, 0, 0]",0.0,-2.8864813448304525
"[6, 0, 0, 1]",0.0,-3.7301510822320028
"[5, 0, 0, 2]",0.0,-3.385052364002689
"[0, 0, 1, 0]",0.0,-3.613519489035769
"[0, 5, 1, 1]",0.0,-4.031384660850764
"[0, 4, 1, 2]",0.0,-3.787804677421751
"[0, 2, 1, 3]",-3.0990043133048584,-3.5391525943679123
"[0, 1, 0, 0]",0.0,-2.6139817494056103
"[5, 0, 0, 1]",0.0,-4.071153520801776
"[4, 0, 0, 2]",0.0,-3.841109230564273
"[0, 1, 1, 1]",0.0,-3.2677507480128956
"[0, 0, 1, 2]",-0.3938089618742769,-2.7864539883918704
"[2, 0, 0, 1]",-0.31515710823647325,-3.1894894077794516
"[1, 0, 0, 2]",0.0,-2.7629650417336133
"[9, 3, 1, 1]",0.0,-0.11356236252015749
"[8, 2, 1, 2]",-0.01116810317478792,-0.1521020574669827
"[7, 1, 1, 3]",-3.2859260650207363,-0.20790731821882008
"[6, 0, 1, 3]",-3.2892494058922708,-0.05909318125563665
"[4, 7, 1, 3]",-0.06889766389518512,-0.07872061649173177
"[3, 6, 1, 3]",-0.10823619599177907,-0.3627473411162385
"[2, 5, 1, 3]",-0.44145578387484274,-0.7128689295818184
"[1, 4, 0, 0]",0.0,-0.5559888300502172
"[0, 3, 0, 1]",0.0,-0.7185761209815225
"[2, 8, 1, 2]",-0.003201751493505608,-0.7808068614855624
"[1, 7, 1, 3]",-0.06138642990887403,-1.0053294018875811
"[0, 5, 0, 0]",0.0,-0.1249568824216236
"[9, 8, 1, 2]",-0.006295352656644499,-0.04086933335816869
"[9, 2, 1, 2]",-0.1972973474858967,-0.11278260777423127
"[4, 9, 0, 0]",0.0,-0.1098946818858038
"[3, 9, 0, 1]",0.0,-0.12746088481841591
"[2, 9, 0, 2]",-0.1906026358074825,-0.13548429418759725
"[0, 7, 1, 0]",0.0,-4.0098161290213765
"[0, 6, 1, 1]",0.0,-3.796040832253091
"[4, 9, 0, 1]",0.0,-0.19507339044371236
"[3, 9, 0, 2]",0.0,-0.2738416259661332
"[1, 5, 0, 1]",0.0,-0.10662734986272401
"[0, 4, 0, 2]",0.0,-0.11948272901850418
"[8, 2, 0, 0]",0.0,-1.839108669373046
"[7, 1, 0, 1]",0.0,-2.458966866481805
"[6, 0, 0, 2]",0.0,-3.054609455120256
"[5, 0, 0, 3]",-1.4522881608346527,-2.582399768338539
"[3, 0, 1, 0]",0.0,-1.1142191969948356
"[2, 5, 1, 1]",0.0,-2.1119380216852455
"[1, 4, 1, 2]",0.0,-2.7717874859760663
"[8, 0, 0, 2]",-0.10546656784952736,-2.6009690455205563
"[6, 0, 0, 3]",-1.0913206583787418,-2.2554491497414384
"[5, 0, 1, 0]",0.0,-0.09788184492149635
"[4, 0, 1, 1]",0.0,-0.1983378082511459
"[2, 9, 0, 0]",-0.18547187220467995,-0.0533612340048977
"[1, 9, 0, 1]",0.0,-0.06467800441743506
"[0, 9, 0, 2]",-0.27640563455223055,-0.07639509594754948
"[4, 8, 0, 3]",-0.3904281422572312,-0.3356794392841591
"[3, 7, 1, 0]",0.0,-0.9787547396198548
"[2, 6, 1, 1]",0.0,-1.8841266702412094
"[1, 5, 1, 2]",0.0,-2.4724853689610127
"[6, 4, 1, 1]",0.0,-0.17939252199762512
"[5, 3, 1, 2]",0.0,-0.22645874066632807
"[2, 0, 1, 3]",-2.9378491077539377,-0.2596968985793342
"[8, 4, 0, 0]",0.0,-0.30626895175411134
"[7, 3, 0, 1]",0.0,-0.913074250335222
"[6, 2, 0, 2]",0.0,-1.2465605536325703
"[5, 1, 0, 3]",-0.43645192667999166,-1.601179124244575
"[0, 1, 0, 1]",0.0,-2.2117011616751787
"[8, 3, 1, 2]",0.0,-0.07030786914002338
"[7, 2, 1, 3]",-0.6457970803592445,-0.12955038422462553
"[6, 1, 1, 3]",-2.248619772380876,-0.13693151379221222
"[5, 0, 0, 0]",0.0,-4.176477406892549
"[4, 0, 0, 1]",0.0,-3.9582876646283944
"[3, 0, 0, 2]",0.0,-3.665096067838025
"[8, 1, 1, 2]",0.0,-0.049914746973749875
"[7, 0, 1, 3]",-3.140416570490804,-0.0774248976041404
"[5, 9, 0, 0]",0.0,-0.14929146803878446
"[2, 8, 0, 1]",0.0,-0.059540098665674994
"[1, 7, 0, 2]",0.0,-0.06234358262937211
"[0, 6, 0, 3]",-3.3466472842622412,-0.08005268036658006
"[6, 0, 0, 0]",0.0,-4.26406847736521
"[0, 8, 1, 1]",-0.20269692468420908,-3.3229431732622974
"[0, 7, 1, 2]",0.0,-2.957529105808598
"[0, 3, 0, 0]",0.0,-1.0906509034808571
"[8, 1, 0, 2]",0.0,-1.5783620031566756
"[4, 0, 1, 0]",0.0,-0.5732269782436605
"[1, 7, 0, 3]",-3.3626537883979593,-0.11896164389631449
"[0, 6, 1, 0]",0.0,-4.232598667251063
"[7, 1, 1, 1]",0.0,-0.03985169139738323
"[6, 0, 1, 2]",0.0,-0.055247390166781506
"[2, 8, 1, 3]",-0.05886483884710492,-0.12484195880023488
"[1, 7, 0, 0]",0.0,-0.06758001017643098
"[0, 6, 0, 1]",0.0,-0.10884028839320883
"[9, 5, 0, 2]",0.0,-0.02205804533706014
"[9, 2, 1, 0]",-0.18719752207711907,-0.06607984033618376
"[0, 8, 0, 2]",-0.21163822398896215,-0.09569954562434808
"[5, 0, 1, 3]",-1.5180657016591093,-0.17642668259466626
"[1, 8, 0, 0]",0.0,-0.051760111083156465
"[0, 7, 0, 1]",-0.3397107615883125,-0.06920012464272476
"[2, 6, 0, 2]",0.0,-0.16023771871584813
"[3, 9, 1, 0]",0.0,-0.9969614196056547
"[2, 9, 1, 1]",0.0,-1.2245124019468614
"[1, 9, 1, 2]",0.0,-1.5784117572381773
"[7, 9, 1, 0]",-0.014823527283980996,-0.03551089584769971
"[6, 9, 1, 1]",0.0,-0.019908115336344956
"[5, 9, 1, 2]",0.0,-0.02528515805178676
"[1, 9, 1, 0]",0.0,-2.4771631003844656
"[9, 8, 1, 0]",0.0,-0.11393865782984737
"[1, 3, 1, 1]",0.0,-2.6683493471863753
"[7, 6, 1, 1]",0.0,-0.18275445748598176
"[6, 5, 1, 2]",0.0,-0.3620220699675615
"[5, 4, 1, 3]",-0.6578501519624087,-0.503846281664837
"[4, 3, 1, 3]",-0.867308715092421,-0.6213861121125498
"[3, 2, 1, 3]",-1.3968754591310146,-0.8303156708709329
"[0, 2, 1, 1]",-0.3078953265851919,-3.2259755614923664
"[0, 1, 1, 2]",0.0,-2.797313963447478
"[2, 8, 1, 1]",-0.00018936295465777364,-1.3848790158399908
"[1, 7, 1, 2]",0.0,-1.855568883610692
"[8, 0, 0, 0]",-0.19499818790331075,-3.7393574230591544
"[7, 0, 0, 1]",-0.10300624099555748,-3.4707289604247182
"[1, 0, 1, 1]",0.0,-2.4207638160305844
"[9, 4, 0, 0]",0.0,-0.4624742974759186
"[8, 6, 1, 2]",0.0,-0.14425039896794656
"[7, 5, 1, 3]",-0.5348621761906953,-0.20315237146536502
"[6, 4, 1, 3]",-0.5465786446590858,-0.2589973367650063
"[5, 3, 0, 0]",0.0,-1.2340058015980055
"[4, 2, 0, 1]",0.0,-2.115811914895676
"[3, 1, 0, 2]",0.0,-2.685126525704567
"[5, 8, 1, 0]",0.0,-0.3350771213108118
"[4, 7, 1, 1]",0.0,-0.4532753774141441
"[3, 6, 1, 2]",0.0,-0.5743361644599045
"[1, 4, 1, 3]",-0.8979609026450985,-2.0582643899174773
"[2, 0, 1, 1]",0.0,-1.4041277060911
"[4, 6, 0, 2]",0.0,-0.23054081586583597
"[3, 5, 0, 3]",-1.3584843461933074,-0.29808770493609604
"[2, 4, 0, 3]",-1.862490104736176,-0.27009078027127686
"[1, 3, 1, 0]",0.0,-2.5255206000338806
"[9, 6, 0, 1]",0.0,-0.01866785649109261
"[8, 2, 0, 3]",-0.04390428659863009,-0.07359562733213998
"[7, 1, 1, 0]",0.0,-0.0473618499665357
"[6, 0, 1, 1]",0.0,-0.039628938024358226
"[6, 3, 0, 2]",0.0,-0.5622637420797196
"[4, 1, 0, 3]",-0.8774666686931712,-1.9203109475380837
"[2, 1, 1, 1]",0.0,-1.4121737963856495
"[1, 0, 1, 2]",0.0,-1.8280580143677774
"[8, 0, 0, 1]",-0.10067633229457024,-3.2838196776612034
"[7, 0, 0, 2]",0.0,-2.817205638963163
"[3, 5, 1, 1]",0.0,-1.5552753633541032
"[2, 4, 1, 2]",0.0,-1.9798843543655913
"[1, 3, 1, 3]",-1.4587536289649357,-2.5079681321588043
"[8, 2, 1, 1]",0.0,-0.03578873862467414
"[7, 1, 1, 2]",0.0,-0.04612824222954796
"[2, 8, 0, 2]",-0.1774028787930242,-0.1678527824922038
"[0, 5, 1, 0]",0.0,-4.200702124634882
"[0, 4, 1, 1]",0.0,-4.040636102162711
"[0, 3, 1, 2]",0.0,-3.8673335033396192
"[9, 4, 1, 0]",0.0,-0.09342211360458984
"[7, 1, 0, 3]",-0.054339544710142955,-0.9459525957075469
"[3, 6, 1, 1]",0.0,-1.1462273087419912
"[2, 5, 1, 2]",0.0,-1.588347082489548
"[5, 9, 1, 1]",0.0,-0.023660995014123797
"[4, 9, 1, 2]",0.0,-0.030285013325526338
"[2, 8, 0, 3]",-2.0694819550753927,-0.3380792057643281
"[8, 9, 1, 2]",-0.014993218072466875,-0.018490690745269166
"[6, 8, 0, 2]",0.0,-0.14535484996152642
"[5, 7, 0, 3]",-0.44759299911605155,-0.23495158562930857
"[4, 6, 0, 3]",-0.7336931788264662,-0.2643993175917873
"[8, 1, 1, 3]",-2.371718163340333,-0.10218799803830249
"[0, 0, 1, 1]",-0.3781370874787975,-3.3156369075726375
"[1, 7, 1, 0]",0.0,-2.941195015396184
"[7, 0, 0, 0]",0.0,-3.964508319653992
"[0, 8, 1, 2]",-0.19338355624321457,-2.634696501312564
"[1, 3, 0, 2]",0.0,-0.21361546753952643
"[0, 2, 0, 3]",-2.8669564871053694,-0.31824129409225616
"[8, 2, 0, 1]",-0.00010423395529657808,-1.3950428959193362
"[7, 1, 0, 2]",0.0,-1.766690196603577
"[1, 8, 0, 3]",-2.149823931435656,-0.31036244109934363
"[2, 3, 1, 1]",0.0,-1.7860045085933072
"[1, 2, 1, 2]",0.0,-2.3269101370793113
"[9, 7, 0, 0]",-0.027291948925864538,-0.03648639395690735
"[8, 6, 0, 1]",0.0,-0.24336014006610526
"[7, 5, 0, 2]",0.0,-0.2989596051086564
"[6, 4, 0, 3]",-0.09797279330752397,-0.3584607019834784
"[1, 8, 1, 1]",0.0,-2.0249452650646944
"[5, 2, 0, 1]",0.0,-2.1466600751700016
"[4, 1, 0, 2]",0.0,-2.8259385095349434
"[8, 1, 0, 3]",-0.05304533925685398,-0.894779769271665
"[1, 4, 0, 1]",0.0,-0.24656593892322942
"[0, 3, 0, 2]",0.0,-0.3901210716865676
"[6, 1, 1, 1]",0.0,-0.12131140483437877
"[5, 0, 1, 2]",0.0,-0.1419087842762255
"[7, 8, 0, 3]",-0.12000333485210124,-0.12765200839202281
"[6, 7, 1, 0]",0.0,-0.2720611774595866
"[5, 6, 1, 1]",0.0,-0.5574049182020122
"[4, 5, 1, 2]",0.0,-0.8441658312438046
"[3, 4, 1, 3]",-0.8948336561249038,-1.1413808404085577
"[2, 3, 1, 3]",-1.4252550595600457,-1.6622591807671132
"[1, 2, 0, 0]",0.0,-1.7852496594762373
"[2, 6, 1, 0]",0.0,-2.085021180223088
"[1, 5, 1, 1]",0.0,-3.0243992293095525
"[9, 6, 0, 0]",0.0,-0.02077053234991197
"[2, 5, 0, 1]",0.0,-0.09268377807237402
"[1, 4, 0, 2]",0.0,-0.12547882108419386
"[6, 2, 0, 3]",-0.0946621337129999,-0.4392614027743504
"[5, 1, 1, 0]",0.0,-0.1357040372377321
"[8, 4, 1, 1]",0.0,-0.07911080487061896
"[7, 3, 1, 2]",0.0,-0.14041944443885374
"[6, 2, 1, 3]",-1.5541755548203502,-0.300471973719898
"[5, 1, 1, 3]",-2.557342034853014,-0.29372720791772294
"[4, 0, 0, 0]",0.0,-3.830071525741028
"[8, 3, 0, 1]",0.0,-0.2539201347484197
"[7, 2, 0, 2]",0.0,-0.6647358979577224
"[6, 1, 0, 3]",-0.09555114502379886,-1.121070716728175
"[1, 3, 0, 1]",0.0,-0.6883733339978991
"[0, 2, 0, 2]",-0.4547369932980919,-0.9872228732519751
"[8, 4, 1, 2]",0.0,-0.13163446488212813
"[7, 3, 1, 3]",-0.6974643603630408,-0.18456820461176357
"[0, 7, 1, 1]",0.0,-3.5163288048741927
"[0, 6, 1, 2]",0.0,-3.115624671691457
"[8, 9, 0, 1]",-0.0027457214152444773,-0.11777854275418183
"[7, 9, 0, 2]",0.0,-0.16116560391680795
"[4, 2, 1, 1]",0.0,-0.16265812024917484
"[3, 1, 1, 2]",0.0,-0.2077823494298235
"[6, 9, 0, 1]",0.0,-0.17712105990180868
"[5, 8, 0, 2]",0.0,-0.10873684920212028
"[4, 7, 0, 3]",-0.4248101453448043,-0.23941569913101415
"[3, 6, 0, 3]",-0.6208495567805447,-0.4226304642272376
"[2, 5, 1, 0]",0.0,-1.5195178543268382
"[1, 4, 1, 1]",0.0,-2.8311245377302394
"[2, 8, 0, 0]",-0.4043897496387895,-0.035273327929218175
"[1, 7, 0, 1]",0.0,-0.05228347749281505
"[0, 6, 0, 2]",0.0,-0.08209545646417227
"[8, 4, 1, 3]",-0.2944299008607238,-0.1454096999772014
"[7, 3, 0, 0]",0.0,-0.8363885130586298
"[6, 2, 0, 1]",0.0,-1.7955844436303137
"[5, 1, 0, 2]",0.0,-2.3935062547809056
"[0, 5, 0, 1]",0.0,-0.1430553625732558
"[8, 0, 1, 1]",-0.12691015496829625,-0.06010682363678303
"[4, 0, 1, 3]",-2.7308090986377835,-0.08699623385911373
"[8, 1, 1, 1]",0.0,-0.044220607920700525
"[7, 0, 1, 2]",0.0,-0.051750393295927115
"[8, 6, 1, 3]",-0.21507575714398908,-0.21423621914691332
"[7, 5, 0, 0]",0.0,-0.40483838252822835
"[6, 4, 0, 1]",0.0,-0.6779672332550362
"[5, 3, 0, 2]",0.0,-0.9236244429768244
"[4, 5, 1, 1]",0.0,-0.9168653603387159
"[3, 4, 1, 2]",0.0,-1.277591707976106
"[1, 2, 1, 3]",-2.0823642877505586,-2.3231725417138405
"[8, 3, 1, 3]",-0.3521505643969256,-0.07955087341806023
"[7, 2, 0, 0]",-0.009178251735477105,-1.0332360370256353
"[6, 1, 0, 1]",0.0,-2.4578687072415666
"[5, 8, 0, 1]",0.0,-0.11212278660710584
"[4, 7, 0, 2]",0.0,-0.1900352293976721
"[2, 5, 0, 3]",-1.4744445445204333,-0.3938287053290186
"[1, 4, 1, 0]",0.0,-2.5852752235279155
"[6, 9, 1, 0]",0.0,-0.030907285515447722
"[1, 8, 0, 2]",0.0,-0.09003624786991761
"[0, 7, 0, 3]",-3.2517995785477596,-0.1675754802024106
"[7, 4, 1, 0]",0.0,-0.08938257770093931
"[6, 8, 1, 2]",0.0,-0.0816966268221577
"[5, 7, 1, 3]",-0.09322448131760377,-0.10564613129433256
"[4, 6, 1, 3]",-0.10404859605508224,-0.36455610680130934
"[3, 5, 0, 0]",0.0,-0.13490249069297672
"[2, 4, 0, 1]",0.0,-0.16744149874473246
"[0, 1, 1, 0]",0.0,-3.661874929352483
"[1, 8, 1, 2]",0.0,-1.453947304142801
"[3, 4, 0, 1]",0.0,-0.5800849765065891
"[2, 3, 0, 2]",0.0,-0.7421476945907037
"[1, 2, 0, 3]",-2.5328296452006116,-0.9138506605262291
"[0, 1, 0, 3]",-2.608721195791581,-1.6425247020589486
"[8, 3, 0, 2]",0.0,-0.07578245154330485
"[7, 2, 0, 3]",-0.08137114601080907,-0.1148389369145938
"[7, 5, 1, 2]",0.0,-0.18665236361014015
"[4, 2, 0, 0]",0.0,-1.9656652649336528
"[3, 1, 0, 1]",0.0,-2.6418217901825125
"[8, 3, 1, 1]",0.0,-0.027175110289757984
"[7, 2, 1, 2]",0.0,-0.0643847816282673
"[8, 2, 1, 0]",0.0,-0.030314869592001744
"[5, 6, 1, 3]",-0.28666060502445645,-0.2908031273805188
"[4, 5, 1, 3]",-0.41450496887942573,-0.716775841524454
"[3, 8, 0, 0]",0.0,-0.007563133149935496
"[2, 7, 0, 1]",-0.03266697683429164,-0.0268373941758228
"[1, 6, 0, 2]",0.0,-0.05140773303481012
"[0, 5, 0, 3]",-2.4022793786518,-0.09052545157978956
"[8, 4, 0, 3]",-0.03910792714028796,-0.03433781040101043
"[7, 3, 0, 3]",-0.036145064797146575,-0.07239596643664807
"[3, 7, 1, 1]",0.0,-0.8981855349114226
"[2, 6, 1, 2]",0.0,-1.268639986897341
"[1, 5, 1, 3]",-0.4429126964630292,-1.6467415529818932
"[3, 1, 1, 1]",0.0,-0.7296021325643952
"[2, 0, 1, 2]",-0.9793165805488292,-0.8556201347569558
"[8, 6, 0, 3]",-0.07495793950656615,-0.06285969482461785
"[7, 5, 1, 0]",0.0,-0.1186224694781973
"[0, 8, 0, 1]",-0.30070617781922593,-0.0553531968895291
"[6, 5, 0, 3]",-0.3163722026859903,-0.31727090464595675
"[5, 4, 1, 0]",0.0,-0.4389634591812433
"[4, 3, 1, 1]",0.0,-0.5664250654240338
"[3, 2, 1, 2]",0.0,-0.7095836816633663
"[1, 0, 1, 3]",-2.8348257220554576,-0.961554952874678
"[1, 8, 0, 1]",0.0,-0.06143987821782012
"[0, 7, 0, 2]",-0.2558606395246548,-0.0753852122427387
"[8, 5, 1, 3]",-0.2008817967110855,-0.11541762087939056
"[7, 4, 0, 0]",0.0,-0.4987366965460409
"[6, 3, 0, 1]",0.0,-0.9844238065367937
"[5, 2, 0, 2]",0.0,-1.460267369624807
"[1, 3, 0, 3]",-2.704022263056885,-0.1989423227364756
"[5, 1, 1, 1]",0.0,-0.06599672641732458
"[4, 0, 1, 2]",0.0,-0.11281609937235378
"[3, 8, 1, 3]",-0.04305323676948808,-0.04332539883356122
"[2, 7, 1, 3]",-0.06189223430748317,-0.08525525401463697
"[1, 6, 0, 0]",0.0,-0.095513982502444
"[8, 1, 1, 0]",0.0,-0.047864699382986944
"[7, 0, 1, 1]",-0.326915768001234,-0.0835871527442759
"[2, 4, 0, 0]",0.0,-0.5348053429363804
"[8, 7, 0, 0]",-0.0063285965412557856,-0.20693837120634334
"[7, 6, 0, 1]",0.0,-0.3509030254611346
"[6, 5, 0, 2]",0.0,-0.5343653645745432
"[5, 4, 0, 3]",-0.42941149859200234,-0.7255856219449124
"[4, 3, 0, 3]",-0.8827154000446757,-1.1202350721861196
"[3, 2, 0, 3]",-1.4350087364949113,-1.6736808534548393
"[2, 1, 1, 0]",0.0,-1.8265456109859433
"[7, 9, 0, 0]",0.0,-0.12888556081288535
"[6, 8, 0, 1]",0.0,-0.12409394289244773
"[5, 7, 0, 2]",0.0,-0.2019999738097789
"[2, 4, 1, 0]",0.0,-2.0096546652738367
"[6, 8, 0, 0]",0.0,-0.07810057450154627
"[5, 7, 0, 1]",0.0,-0.15004006326263492
"[8, 6, 0, 0]",0.0,-0.34360609371763345
"[7, 5, 0, 1]",0.0,-0.46342153055926366
"[6, 4, 0, 2]",0.0,-0.5939923148788168
"[3, 8, 0, 3]",-0.24826768367840252,-0.1541309835638776
"[2, 7, 1, 0]",0.0,-0.8942269712631001
"[4, 5, 0, 3]",-0.6481448619184648,-0.5629284899909341
"[3, 4, 1, 0]",0.0,-1.1625008671734778
"[8, 5, 0, 1]",0.0,-0.18484722577691304
"[7, 4, 0, 2]",0.0,-0.28031065841421543
"[5, 0, 1, 1]",0.0,-0.1315892859086986
"[8, 5, 1, 0]",0.0,-0.034475388918498016
"[3, 0, 0, 0]",0.0,-3.5675062745255017
"[4, 8, 1, 1]",0.0,-0.2189752674497331
"[3, 7, 1, 2]",0.0,-0.28820551457209714
"[8, 2, 0, 2]",-0.0032683929386154494,-0.7965055654334018
"[3, 7, 0, 1]",0.0,-0.1261176874029715
"[0, 3, 1, 0]",0.0,-3.568225641632468
"[6, 2, 0, 0]",0.0,-1.6828624457295154
"[5, 1, 0, 1]",0.0,-3.0549419679771384
"[8, 0, 1, 2]",-0.3411943453799493,-0.0732375207480931
"[1, 5, 1, 0]",0.0,-3.027234677104773
"[2, 1, 0, 3]",-2.109931160423246,-2.300038721277096
"[3, 5, 1, 0]",0.0,-1.4035223541029238
"[2, 4, 1, 1]",0.0,-2.147930450642024
"[1, 3, 1, 2]",0.0,-2.7580045783542193
"[7, 5, 0, 3]",-0.10487919603346477,-0.09410707954498405
"[6, 4, 1, 0]",0.0,-0.13653375726989117
"[5, 3, 1, 1]",0.0,-0.16489716697282042
"[4, 2, 1, 2]",0.0,-0.21962846672816339
"[6, 8, 1, 3]",-0.08023000899471419,-0.07663250599031608
"[4, 6, 1, 0]",0.0,-0.936560604281358
"[8, 6, 1, 1]",0.0,-0.09896562194771324
"[3, 1, 0, 0]",0.0,-2.4964394215660612
"[8, 3, 0, 3]",-0.05225790403720663,-0.055183412023832416
"[6, 1, 1, 0]",0.0,-0.10484646098378579
"[4, 2, 1, 0]",0.0,-0.5695697024752535
"[1, 6, 1, 3]",-0.08667548561810162,-1.1219644691990194
"[7, 8, 1, 3]",-0.11818216590146802,-0.11953556076651956
"[6, 7, 0, 0]",0.0,-0.22967378876412303
"[5, 6, 0, 1]",0.0,-0.37876524315849947
"[4, 5, 0, 2]",0.0,-0.5251306449046184
"[3, 4, 0, 3]",-0.9890161620219096,-0.6918492751823946
"[2, 3, 0, 3]",-1.5876910424388435,-0.7768149799440875
"[1, 2, 1, 0]",0.0,-2.4398991754293595
"[3, 8, 0, 1]",0.0,-0.04866293645712335
"[2, 7, 0, 2]",0.0,-0.0617972637575085
"[1, 6, 0, 3]",-2.376400623078382,-0.05055533357169897
"[5, 8, 0, 3]",-0.19593401081700135,-0.17401688449133484
"[3, 2, 0, 1]",0.0,-1.774713353968979
"[2, 1, 0, 2]",0.0,-2.335248169479886
"[4, 6, 0, 0]",0.0,-0.11242456414885786
"[3, 5, 0, 1]",0.0,-0.1447812147942367
"[2, 4, 0, 2]",0.0,-0.18390990454179929
"[8, 7, 1, 3]",-0.13874458305387904,-0.14059419612573298
"[7, 6, 1, 3]",-0.2753051514952463,-0.27463504531314
"[6, 5, 0, 0]",0.0,-0.5539412994715791
"[5, 4, 0, 1]",0.0,-0.9154078052736612
"[4, 3, 0, 2]",0.0,-1.2868911475299247
"[6, 5, 1, 3]",-0.4543200256160428,-0.3954376961215053
"[5, 4, 0, 0]",0.0,-0.8382427360730906
"[4, 3, 0, 1]",0.0,-1.3245002802655996
"[3, 2, 0, 2]",0.0,-1.796678210123977
"[4, 5, 0, 1]",0.0,-0.470869283942099
"[3, 4, 0, 2]",0.0,-0.6212738999648211
"[8, 4, 0, 1]",0.0,-0.26098438502087384
"[7, 3, 0, 2]",0.0,-0.3398050887373565
"[6, 7, 0, 3]",-0.27365512102652906,-0.2651992594313647
"[5, 6, 0, 3]",-0.4521838399745094,-0.4442841600404521
"[4, 5, 1, 0]",0.0,-0.8514184194101097
"[3, 4, 1, 1]",0.0,-1.3540974067233784
"[2, 3, 1, 2]",0.0,-1.8229833723482525
"[3, 8, 1, 2]",0.0,-0.08098532692611898
"[7, 4, 0, 1]",0.0,-0.43150646704823226
"[6, 8, 0, 3]",-0.2074465603313414,-0.19509067559734625
"[6, 2, 1, 2]",0.0,-0.18743540075271112
"[3, 8, 0, 2]",0.0,-0.10824068780569801
"[2, 7, 0, 3]",-0.656060517089231,-0.1753235750558568
"[3, 1, 1, 0]",0.0,-1.1415502274846936
"[5, 7, 0, 0]",0.0,-0.11619623292289166
"[4, 6, 0, 1]",0.0,-0.1814791333072315
"[3, 5, 0, 2]",0.0,-0.26027812012375084
"[0, 2, 1, 0]",-0.18399058359518475,-3.654040284056608
"[2, 7, 0, 0]",0.0,-0.06511896056799785
"[1, 6, 0, 1]",0.0,-0.08376454596626692
"[0, 5, 0, 2]",0.0,-0.11773158593432483
"[5, 8, 1, 1]",0.0,-0.18047746590736424
"[4, 7, 1, 2]",0.0,-0.26983789622616944
"[4, 5, 0, 0]",0.0,-0.4226656710829941
"[1, 7, 1, 1]",0.0,-2.510025439439151
"[4, 8, 1, 2]",0.0,-0.0658227751211261
"[2, 6, 0, 0]",0.0,-0.0895980246465911
"[8, 7, 1, 1]",0.0,-0.03707045991021087
"[7, 6, 1, 2]",0.0,-0.1744265773292208
"[3, 2, 0, 0]",0.0,-1.4876218749967802
"[2, 1, 0, 1]",0.0,-2.151266380619825
"[3, 5, 1, 2]",0.0,-0.9598761382091248
"[6, 2, 1, 0]",0.0,-0.04430891798958328
"[7, 2, 1, 0]",0.0,-0.08480293655005561
"[7, 8, 0, 2]",0.0,-0.0828222734190888
"[4, 7, 1, 0]",0.0,-0.5457970786664628
"[4, 1, 0, 1]",0.0,-2.8923764737126856
"[7, 6, 0, 0]",0.0,-0.30775961401509605
"[6, 5, 0, 1]",0.0,-0.5572715212771047
"[5, 4, 0, 2]",0.0,-0.8273255838413849
"[5, 1, 0, 0]",0.0,-2.7930402729132906
"[5, 1, 1, 2]",0.0,-0.06479711366825172
"[6, 4, 0, 0]",0.0,-1.0129530662195243
"[5, 3, 0, 1]",0.0,-1.5641726086553958
"[4, 2, 0, 2]",0.0,-2.010080378518758
"[2, 7, 1, 1]",0.0,-0.8934190057053412
"[1, 6, 1, 2]",0.0,-1.8989339133211272
"[7, 8, 1, 1]",0.0,-0.05697754024572814
"[6, 7, 1, 2]",0.0,-0.16339845749230889
"[3, 4, 0, 0]",0.0,-0.54799627093698
"[2, 3, 0, 1]",0.0,-0.7072651343861924
"[1, 2, 0, 2]",0.0,-0.9763688320693756
"[7, 4, 1, 3]",-0.27740321987660765,-0.1380510392530116
"[5, 2, 0, 0]",0.0,-1.275564142849014
"[7, 3, 1, 0]",0.0,-0.04988112887997971
"[6, 2, 1, 1]",0.0,-0.05985616843277874
"[1, 6, 1, 0]",0.0,-2.0623862154868493
"[2, 3, 1, 0]",0.0,-1.5832476539452238
"[1, 2, 1, 1]",0.0,-2.193360915300238
"[6, 3, 0, 0]",0.0,-0.8852581213030106
"[8, 4, 1, 0]",0.0,-0.06331243405394292
"[7, 3, 1, 1]",0.0,-0.11378961262357883
"[8, 3, 0, 0]",0.0,-0.010921343436129036
"[7, 2, 0, 1]",0.0,-0.4317793542458866
"[6, 1, 0, 2]",0.0,-1.5439806784873404
"[8, 5, 0, 2]",0.0,-0.07933301426442715
"[5, 2, 1, 0]",0.0,-0.17717566338294524
"[4, 1, 1, 1]",0.0,-0.21641843753368936
"[3, 0, 1, 2]",0.0,-0.19098369752458863
"[2, 1, 0, 0]",0.0,-2.3271995044404328
"[5, 8, 0, 0]",0.0,-0.03791200492517692
"[4, 7, 0, 1]",0.0,-0.11460023634722105
"[3, 6, 0, 2]",0.0,-0.2182892564511843
"[1, 2, 0, 1]",0.0,-1.4747722954486386
"[0, 1, 0, 2]",0.0,-1.7887148796188252
"[3, 2, 1, 0]",0.0,-1.1159194099498146
"[8, 5, 0, 0]",0.0,-0.31746644687807335
"[8, 5, 1, 2]",0.0,-0.10373331746800499
"[3, 7, 0, 0]",0.0,-0.05945130332110846
"[6, 7, 1, 3]",-0.1834914566722512,-0.185350050059043
"[5, 6, 0, 0]",0.0,-0.31202671497393764
"[4, 8, 0, 1]",0.0,-0.14968155577985287
"[3, 7, 0, 2]",0.0,-0.2766238063880501
"[2, 3, 0, 0]",0.0,-1.1447624305544852
"[6, 1, 0, 0]",0.0,-2.0143581087376337
"[8, 7, 0, 3]",-0.14691237453163836,-0.14892294280462384
"[7, 6, 0, 3]",-0.2274686067458104,-0.21691759410431
"[5, 6, 1, 0]",0.0,-0.5444112563799942
"[5, 8, 1, 2]",0.0,-0.058969362348484655
"[2, 5, 0, 0]",0.0,-0.16520478837107472
"[5, 3, 1, 0]",0.0,-0.12896074702049143
"[8, 4, 0, 2]",0.0,-0.06457872185119029
"[3, 6, 1, 0]",0.0,-1.1211817374030981
"[5, 7, 1, 2]",0.0,-0.29979603440060276
"[8, 3, 1, 0]",0.0,-0.01631738460998077
"[7, 2, 1, 1]",0.0,-0.03823913338486785
"[6, 1, 1, 2]",0.0,-0.0692254932807912
"[4, 3, 0, 0]",0.0,-1.1672817637322317
"[5, 7, 1, 0]",0.0,-0.4201501327223642
"[4, 6, 1, 1]",0.0,-0.7148997998427734
"[6, 8, 1, 1]",0.0,-0.23600797908343404
"[8, 6, 0, 2]",0.0,-0.059460538050466034
"[6, 3, 1, 0]",0.0,-0.09419884198440316
"[0, 8, 1, 0]",0.0,-3.8029521516064
"[7, 6, 1, 0]",0.0,-0.25491436902713455
"[6, 5, 1, 1]",0.0,-0.37885368531084224
"[5, 4, 1, 2]",0.0,-0.4751207184121778
"[8, 6, 1, 0]",0.0,-0.07490301865454073
"[3, 6, 0, 0]",0.0,-0.08038997358799019
"[3, 8, 1, 1]",0.0,-0.15921467845422627
"[2, 7, 1, 2]",0.0,-0.5201493936368378
"[8, 1, 0, 1]",0.0,-2.1232174598849882
"[7, 8, 1, 0]",0.0,-0.2251912585741402
"[6, 7, 1, 1]",0.0,-0.38229336278787346
"[5, 6, 1, 2]",0.0,-0.5438853121067038
"[8, 7, 0, 1]",-0.00012522004874851786,-0.06926554374786462
"[7, 6, 0, 2]",0.0,-0.175161394852729
"[4, 3, 1, 0]",0.0,-0.5494030164639355
"[3, 2, 1, 1]",0.0,-0.6942888094968379
"[2, 1, 1, 2]",0.0,-0.8843063019092615
"[8, 1, 0, 0]",0.0,-2.2103985181077435
"[1, 8, 1, 0]",0.0,-2.2047796733872747
"[7, 8, 1, 2]",0.0,-0.03991370357863891
"[4, 8, 0, 0]",0.0,-0.07473889927334423
"[6, 5, 1, 0]",0.0,-0.3465432536579188
"[5, 4, 1, 1]",0.0,-0.47115984139292344
"[4, 3, 1, 2]",0.0,-0.601654820542934
"[4, 8, 1, 0]",0.0,-0.293049516805316
"[8, 7, 0, 2]",0.0,-0.0807807833059481
"[8, 7, 1, 0]",0.0,-0.035219062700079865
"[7, 8, 0, 1]",0.0,-0.0904375208719384
"[6, 7, 0, 2]",0.0,-0.2556682513938936
"[2, 8, 1, 0]",0.0,-1.939641228707269
"[8, 7, 1, 2]",0.0,-0.11367842765864881
"[7, 8, 0, 0]",0.0,-0.02536024297754772
"[6, 7, 0, 1]",0.0,-0.15976630596820307
"[5, 6, 0, 2]",0.0,-0.3757140136914574
"[3, 8, 1, 0]",0.0,-0.13027186913123254
