"[9, 9, 0, 0]",-2.9671277182011786,-4.662204805304199
"[9, 9, 1, 0]",-4.152681253764824,-3.9463522184792827
"[9, 9, 1, 1]",-3.142851875769412,-4.124420410029043
"[9, 9, 1, 2]",-2.628135693945761,-4.006523298155083
"[9, 9, 1, 3]",-4.35817964202382,-3.461525699808427
"[9, 9, 0, 1]",-1.6451622294275312,-4.689921914132051
"[9, 9, 0, 2]",-3.8697733448274585,-4.714193133036448
"[9, 9, 0, 3]",-3.9549556484656567,-4.529031827734535
"[8, 9, 1, 1]",-1.3935618881349943,-2.826145803291234
"[7, 9, 1, 2]",0.0,-2.8290174530847336
"[6, 9, 1, 3]",-3.472045640458042,-2.824427377468177
"[5, 9, 1, 3]",-3.071229444390658,-3.02662819779783
"[4, 9, 0, 0]",0.0,-3.4488464409984787
"[3, 9, 0, 1]",0.0,-3.6687125668039733
"[2, 9, 0, 2]",-0.6803873325383725,-4.119321507954645
"[1, 9, 0, 3]",-8.204946994680245,-4.348726573530232
"[0, 9, 0, 3]",-8.961249133974258,-4.05710734958339
"[0, 9, 1, 0]",0.0,-8.383829995588615
"[0, 9, 1, 1]",-0.5175566239589436,-7.636796281260261
"[0, 9, 1, 2]",0.0,-6.9412509883581714
"[0, 9, 1, 3]",-4.844890592320873,-6.088807213931535
"[0, 8, 1, 3]",-4.338513403155397,-5.298167436492211
"[0, 7, 1, 3]",-4.212479002445338,-6.894972281010809
"[9, 6, 0, 0]",0.0,-4.12021066234349
"[9, 5, 0, 1]",0.0,-4.163383322327385
"[9, 4, 0, 2]",0.0,-4.41563830766383
"[8, 3, 0, 3]",-2.4292011960932114,-3.474502410059701
"[7, 2, 0, 3]",-3.8013929251700933,-3.958701085345131
"[6, 1, 0, 3]",-5.539436881421392,-5.636233272366628
"[5, 0, 1, 0]",0.0,-5.910296692446233
"[4, 0, 1, 1]",0.0,-4.326637718420725
"[3, 0, 1, 2]",0.0,-4.081101010624421
"[2, 0, 1, 3]",-5.7626432793167,-4.006050772046898
"[1, 0, 1, 3]",-3.904631602986028,-5.3838409485035585
"[0, 8, 0, 0]",-1.2053762443658749,-3.138130906499335
"[9, 7, 0, 1]",0.0,-4.167624207630037
"[9, 6, 0, 2]",0.0,-4.312070715143183
"[9, 5, 0, 3]",-3.261741148035349,-4.3796930853243525
"[9, 4, 0, 3]",-4.430711723906618,-4.839535212821533
"[9, 3, 1, 0]",0.0,-4.522712931583204
"[9, 2, 1, 1]",0.0,-4.443601093450983
"[9, 1, 1, 2]",0.0,-4.722938653608362
"[9, 0, 1, 3]",-4.931433855273838,-6.04607795190522
"[8, 9, 0, 3]",-3.1899606843019295,-4.123153494064046
"[7, 9, 1, 0]",-0.41654806146724177,-2.996063188985602
"[6, 9, 1, 1]",0.0,-3.096059491992852
"[5, 9, 1, 2]",0.0,-3.0499358767135414
"[4, 9, 1, 3]",-3.232600402883108,-3.2608197528652187
"[3, 9, 1, 3]",-3.3656775480198737,-4.141426833589743
"[2, 9, 0, 0]",-3.5810764845956116,-3.6586304898224133
"[1, 9, 0, 1]",0.0,-3.84236182679565
"[0, 9, 0, 2]",-3.37279053043326,-3.9937109889800406
"[7, 9, 0, 3]",-4.294492968926405,-3.9158322956993232
"[6, 9, 0, 3]",-3.8335948575048673,-4.635212577709696
"[5, 9, 1, 0]",-0.6837743755454306,-3.8846186690371582
"[4, 9, 1, 1]",0.0,-3.8777388716918213
"[3, 9, 1, 2]",0.0,-4.015516876651432
"[2, 9, 1, 3]",-5.74568227072617,-4.07493492743099
"[1, 9, 1, 3]",-3.910159190118102,-5.156523520920577
"[0, 9, 0, 0]",-4.270727514894244,-4.0291058215911315
"[9, 8, 1, 0]",-1.4583894858218205,-3.1358051253806662
"[9, 7, 1, 1]",0.0,-3.5238774527867465
"[9, 6, 1, 2]",0.0,-3.825375955608493
"[9, 5, 1, 3]",-5.567036430573345,-3.76664748902764
"[9, 4, 1, 3]",-6.101209770651236,-3.862496517125045
"[9, 3, 1, 3]",-5.807504787110397,-3.951467149458873
"[9, 2, 1, 3]",-6.373628598268865,-4.4015374535513025
"[9, 1, 0, 0]",0.0,-7.715030395552114
"[9, 0, 0, 1]",-1.7706433462189075,-7.890993826254567
"[9, 8, 1, 3]",-4.318887382351167,-4.067460600976085
"[9, 7, 1, 3]",-3.915355689854811,-4.2432414926348105
"[9, 6, 1, 3]",-5.956071723000412,-3.6304481029878635
"[8, 5, 1, 3]",-0.7758166633216462,-0.7303654425152185
"[7, 4, 1, 3]",-0.8731358246592196,-0.9668751402439069
"[6, 3, 1, 3]",-1.6960432046754412,-1.858730634230474
"[5, 2, 0, 0]",0.0,-2.866112177652008
"[4, 1, 0, 1]",0.0,-4.113672159926846
"[3, 0, 0, 2]",0.0,-5.026644871037622
"[2, 9, 0, 3]",-7.2233244426661765,-4.751902812085381
"[8, 9, 0, 0]",-0.834385458440941,-3.9168339082326926
"[7, 9, 0, 1]",0.0,-4.215895788584174
"[6, 9, 0, 2]",0.0,-4.537984451720154
"[5, 9, 0, 3]",-4.5245326595246365,-4.745744866060396
"[4, 9, 0, 3]",-5.766834368208562,-4.807799722493255
"[3, 9, 1, 0]",0.0,-5.931346919660027
"[2, 9, 1, 1]",0.0,-6.1154459801822325
"[1, 9, 1, 2]",0.0,-6.23416366189151
"[9, 8, 0, 3]",-2.751227163597493,-2.8513577029920123
"[9, 7, 1, 0]",0.0,-3.082983024503424
"[9, 6, 1, 1]",0.0,-3.383691209343194
"[9, 5, 1, 2]",0.0,-3.80574709233574
"[8, 9, 1, 3]",-3.8616755102635665,-2.695704785246603
"[7, 9, 1, 3]",-3.6277932124336085,-2.651709364713142
"[6, 8, 0, 0]",0.0,-0.34737819988457647
"[5, 7, 0, 1]",0.0,-0.8425479174819674
"[4, 6, 0, 2]",0.0,-1.257161623644452
"[3, 5, 0, 3]",-1.9215645125176926,-1.9257507110851524
"[2, 4, 0, 3]",-2.7276258118306798,-4.660161154745204
"[1, 3, 1, 0]",0.0,-5.157445235952528
"[0, 2, 1, 1]",-0.791560327542581,-7.567766846574216
"[0, 1, 1, 2]",0.0,-7.016407529456003
"[0, 0, 1, 3]",-5.924861997389799,-6.482456263574628
"[9, 3, 0, 3]",-4.659976590395169,-4.490762845016977
"[9, 2, 0, 3]",-4.478612418480328,-7.661061943307711
"[8, 1, 1, 0]",0.0,-3.339588041132829
"[7, 0, 1, 1]",-0.4647153118296327,-3.8175470193464998
"[6, 0, 1, 2]",0.0,-3.5565804881111385
"[5, 0, 1, 3]",-3.2715869242069933,-3.4411577115301184
"[4, 0, 1, 3]",-3.6079567929776655,-3.6658075425325567
"[3, 9, 0, 0]",0.0,-3.5625349504103716
"[2, 9, 0, 1]",-0.6737268016453649,-3.6898390160114354
"[1, 9, 0, 2]",0.0,-3.89729210323355
"[9, 8, 1, 1]",-1.1754669193166063,-3.991270829597499
"[9, 7, 1, 2]",0.0,-3.937438098316564
"[7, 4, 0, 0]",0.0,-1.6012939817997518
"[6, 3, 0, 1]",0.0,-2.8014896243101943
"[5, 2, 0, 2]",0.0,-4.407725790083656
"[4, 1, 0, 3]",-6.204641976530932,-6.143256984450167
"[3, 0, 0, 3]",-6.07889445228934,-5.9061448206103195
"[2, 0, 1, 0]",0.0,-7.574459803774247
"[1, 0, 1, 1]",0.0,-7.384960125168419
"[0, 0, 1, 2]",0.0,-7.546714147570051
"[1, 9, 0, 0]",0.0,-6.592631405026701
"[0, 9, 0, 1]",0.0,-5.73105871433291
"[9, 8, 0, 2]",-0.3652405853089369,-3.0417383667894717
"[9, 7, 0, 3]",-3.1771542227770615,-2.8366565190288924
"[9, 6, 0, 3]",-2.7184845609024606,-3.554417000828606
"[9, 4, 1, 0]",0.0,-3.4310864820637237
"[9, 3, 1, 1]",0.0,-3.7748877844722424
"[9, 2, 1, 2]",-1.2040828408202664,-3.9936877277404923
"[9, 1, 1, 3]",-5.758908186905375,-4.619171963592941
"[8, 9, 0, 2]",-0.6331729097725834,-3.7982347147951216
"[6, 9, 1, 0]",0.0,-4.224866396821942
"[5, 9, 1, 1]",0.0,-4.140442433966774
"[4, 9, 1, 2]",0.0,-4.167769433663858
"[1, 8, 0, 0]",0.0,-1.619455376379807
"[0, 7, 0, 1]",0.0,-2.7867940217757337
"[9, 2, 1, 0]",-2.4038718421452465,-4.875629014837528
"[8, 1, 1, 1]",0.0,-2.7101389393566704
"[7, 0, 1, 2]",-0.4496987242135938,-2.6578464973832303
"[6, 0, 1, 3]",-3.7247295672181955,-3.0925874715917456
"[3, 0, 1, 3]",-3.5629737951586216,-4.117506900084443
"[9, 7, 0, 0]",-0.5920031893630879,-4.974900056903044
"[9, 6, 0, 1]",0.0,-4.648926185930066
"[9, 5, 0, 2]",-0.3786631187655393,-4.6702130667964905
"[9, 1, 0, 3]",-8.030942287326402,-8.201401230992252
"[9, 0, 0, 3]",-7.503409585599932,-8.42694507484449
"[8, 9, 1, 2]",-0.8140745352484821,-2.9681650186415474
"[0, 8, 0, 3]",-3.8011570179461462,-2.4908822673197304
"[9, 5, 1, 0]",0.0,-3.031504073720811
"[9, 4, 1, 1]",0.0,-3.5480790774593522
"[9, 3, 1, 2]",0.0,-3.8132340480989355
"[8, 0, 0, 0]",0.0,-4.247696466892279
"[3, 9, 0, 3]",-6.042705014074199,-4.892898749963552
"[1, 9, 1, 0]",0.0,-7.393871498825416
"[8, 0, 1, 3]",-3.906243247907788,-2.7599697827626444
"[7, 0, 1, 3]",-3.6818566783367612,-3.048564634060893
"[5, 9, 0, 0]",0.0,-3.6849473953633054
"[4, 9, 0, 1]",0.0,-3.986944468926165
"[3, 9, 0, 2]",0.0,-4.363409864718377
"[1, 8, 0, 3]",-2.840377548148742,-2.5775562869097293
"[0, 7, 0, 3]",-4.769706379275728,-2.6545806209990865
"[0, 6, 1, 0]",0.0,-6.6220748788798245
"[0, 5, 1, 1]",0.0,-7.530215003449461
"[0, 4, 1, 2]",0.0,-7.661066366247647
"[0, 3, 1, 3]",-6.024520730471908,-7.383805751565067
"[0, 2, 1, 3]",-6.9775416267328545,-6.921512284345392
"[0, 1, 1, 3]",-6.389464376888137,-6.408401861649816
"[7, 1, 0, 1]",0.0,-4.067768493137878
"[6, 0, 0, 2]",0.0,-5.31105022404437
"[5, 1, 0, 3]",-6.322707241524368,-6.132069670179329
"[4, 0, 0, 3]",-5.603495548139527,-5.589611529074219
"[3, 0, 1, 0]",0.0,-7.323572904550467
"[2, 0, 1, 1]",0.0,-6.3115091348344
"[1, 0, 1, 2]",0.0,-6.210751280242191
"[6, 9, 0, 0]",0.0,-3.9769933804207622
"[5, 9, 0, 1]",-0.05045945362498962,-4.338534756040976
"[4, 9, 0, 2]",0.0,-4.5861028678264075
"[0, 8, 1, 1]",0.0,-6.403953106809606
"[0, 7, 1, 2]",0.0,-6.917348412885647
"[0, 6, 1, 3]",-6.532680765857344,-6.878704545830059
"[0, 5, 1, 3]",-6.586417885622583,-6.61943535075475
"[9, 4, 0, 0]",0.0,-6.612501083922458
"[9, 3, 0, 1]",0.0,-6.4803718277410125
"[9, 2, 0, 2]",-0.5989957244286631,-6.885262859321226
"[8, 0, 1, 0]",-0.4904573132651738,-4.927239675247555
"[9, 1, 1, 1]",0.0,-5.242532334845163
"[9, 0, 1, 2]",-1.567359369364634,-6.022031375051976
"[7, 9, 0, 0]",0.0,-4.337187089665605
"[6, 9, 0, 1]",0.0,-4.541820531438792
"[5, 9, 0, 2]",0.0,-4.552946276381451
"[2, 9, 1, 0]",-1.12275560814887,-6.346034673766651
"[1, 9, 1, 1]",0.0,-6.9835977283757975
"[9, 1, 1, 0]",0.0,-4.688159653296289
"[9, 0, 1, 1]",-3.2142181464819966,-6.062423925405123
"[9, 8, 1, 2]",-0.8506144085631622,-4.345161762115272
"[9, 5, 0, 0]",0.0,-7.3306078326467246
"[9, 4, 0, 1]",0.0,-7.157981625420332
"[9, 3, 0, 2]",0.0,-7.290070686832832
"[9, 0, 1, 0]",-3.0475587418755854,-6.986367042325796
"[8, 0, 1, 2]",-0.5001979524169297,-3.5958834075008874
"[8, 9, 0, 1]",-1.2791742787468148,-4.327995090959488
"[7, 9, 0, 2]",-0.3665718009060146,-4.419434357614017
"[4, 9, 1, 0]",0.0,-5.046663197286948
"[3, 9, 1, 1]",0.0,-5.153441355854982
"[2, 9, 1, 2]",0.0,-5.23716216759328
"[9, 3, 0, 0]",0.0,-6.932009316799121
"[9, 2, 0, 1]",-0.3838550759157011,-7.821209067241614
"[9, 1, 0, 2]",0.0,-8.899696192549943
"[3, 5, 0, 0]",0.0,-3.86288253170228
"[2, 4, 0, 1]",0.0,-4.5744301126667075
"[1, 3, 0, 2]",0.0,-5.075775894466371
"[0, 2, 0, 3]",-6.43373889942799,-5.707251636425455
"[2, 8, 0, 3]",-2.7869817811237567,-2.5107427609340234
"[1, 7, 0, 3]",-2.836233139755538,-2.5948689040084494
"[0, 6, 0, 3]",-5.768949757947196,-2.995877634128165
"[8, 5, 0, 3]",-1.6614936487176526,-1.6642581729259345
"[7, 4, 1, 0]",0.0,-2.115278400436478
"[6, 3, 1, 1]",0.0,-2.5142095555349497
"[5, 2, 1, 2]",0.0,-2.7954311478837783
"[4, 1, 1, 3]",-3.055498706833485,-3.0971608429888624
"[2, 1, 0, 0]",0.0,-3.8919415644644797
"[1, 0, 0, 1]",0.0,-4.645123483242206
"[0, 1, 0, 2]",0.0,-6.012764312702632
"[8, 1, 0, 2]",0.0,-3.345051389961098
"[7, 0, 0, 3]",-5.132669381225854,-5.308766260643955
"[9, 8, 0, 1]",0.0,-3.1118526674926414
"[9, 7, 0, 2]",0.0,-3.3234560413661867
"[0, 5, 1, 0]",0.0,-7.119316466731743
"[0, 4, 1, 1]",0.0,-7.546406970083901
"[0, 3, 1, 2]",0.0,-7.417728693701495
"[8, 0, 1, 1]",-0.4716382286877712,-2.58861511707987
"[9, 8, 0, 0]",-0.2726216584111501,-3.7628845368330577
"[4, 8, 0, 1]",0.0,-0.5484124199588043
"[3, 7, 0, 2]",0.0,-0.8929939823873163
"[2, 6, 0, 3]",-1.8166083434265499,-1.9828213454277428
"[1, 5, 0, 3]",-3.4370993984932534,-3.4801998153365985
"[0, 4, 0, 3]",-5.047760133786424,-3.8687481051359263
"[0, 3, 1, 0]",0.0,-7.096262270615755
"[0, 8, 0, 1]",0.0,-3.0304807705047656
"[8, 7, 0, 2]",0.0,-0.4927564461000416
"[7, 6, 0, 3]",-0.242574429401386,-0.3949170920991832
"[6, 5, 0, 3]",-0.29069711782731306,-1.2755765180896201
"[5, 4, 0, 3]",-1.4224079583988383,-1.5197713494465028
"[4, 3, 1, 0]",0.0,-2.3064873583119248
"[3, 2, 1, 1]",0.0,-3.5551414624519775
"[2, 1, 1, 2]",0.0,-4.74098739052015
"[9, 6, 1, 0]",0.0,-3.5384569617932886
"[9, 5, 1, 1]",0.0,-3.843540119321339
"[9, 4, 1, 2]",0.0,-4.072109739920595
"[8, 1, 1, 3]",-3.1231551164193316,-2.7275795254754147
"[0, 8, 1, 2]",0.0,-6.7132354892754185
"[0, 4, 1, 3]",-6.430548620975892,-6.6232070146976465
"[8, 2, 0, 1]",0.0,-3.0427830384973844
"[7, 1, 0, 2]",0.0,-5.575245638254518
"[6, 0, 0, 3]",-6.490254631684776,-5.878658063495042
"[4, 0, 1, 0]",0.0,-6.410758101123309
"[3, 0, 1, 1]",0.0,-5.377790457325372
"[2, 0, 1, 2]",0.0,-5.388554626847862
"[8, 9, 1, 0]",-2.606038130571378,-3.494024302471546
"[7, 9, 1, 1]",-0.04460848981074057,-3.3551241524648554
"[6, 9, 1, 2]",0.0,-3.165202299022617
"[9, 0, 0, 0]",0.0,-6.040155486140202
"[7, 4, 0, 3]",-2.1089901844808456,-2.1872927776613893
"[6, 3, 0, 3]",-2.676547405273366,-3.7317444238969872
"[5, 2, 0, 3]",-4.275781399118449,-4.43014889385282
"[6, 8, 1, 2]",0.0,-1.853565963606141
"[5, 7, 1, 3]",-2.419270020162081,-2.3868175057526884
"[4, 6, 1, 3]",-2.796079366476462,-2.8801813012757225
"[3, 4, 0, 0]",0.0,-2.548354025010668
"[2, 3, 0, 1]",0.0,-4.12701322820067
"[1, 2, 0, 2]",0.0,-5.4311267059872845
"[0, 1, 0, 3]",-7.508148939662329,-7.023871286428544
"[6, 1, 0, 0]",0.0,-3.360104338263042
"[5, 0, 0, 1]",0.0,-4.602164718974162
"[4, 1, 0, 2]",0.0,-4.738908316514777
"[2, 1, 0, 3]",-6.531956694664042,-6.10623401435401
"[1, 0, 1, 0]",0.0,-9.223799043093196
"[0, 0, 1, 1]",0.0,-9.485491038996765
"[8, 4, 0, 3]",-2.041502682881661,-3.420504215608789
"[7, 3, 1, 0]",0.0,-2.389181630872506
"[6, 2, 1, 1]",0.0,-2.6735340724551135
"[5, 1, 1, 2]",0.0,-2.9117052679353774
"[4, 8, 1, 2]",0.0,-2.276733271304296
"[3, 7, 1, 3]",-2.9519816846582194,-3.664185792493033
"[2, 6, 1, 3]",-4.262602970565089,-4.90950790462136
"[1, 5, 0, 0]",0.0,-5.772261975388768
"[0, 4, 0, 1]",0.0,-6.3085146787702175
"[4, 8, 1, 0]",0.0,-0.8068711263025534
"[3, 7, 1, 1]",0.0,-1.9157488546796877
"[2, 6, 1, 2]",0.0,-3.690598685293196
"[1, 5, 1, 3]",-5.496303882945329,-5.550506777650028
"[9, 2, 0, 0]",0.0,-6.354344432844002
"[9, 1, 0, 1]",0.0,-6.316195657539582
"[8, 0, 0, 2]",0.0,-4.193914052996267
"[8, 5, 1, 0]",-0.10786152865200424,-0.8874211763560711
"[7, 4, 1, 1]",0.0,-1.4059859309626228
"[6, 3, 1, 2]",0.0,-2.022821305950451
"[5, 2, 1, 3]",-2.5973362988438295,-2.5780493034437812
"[3, 0, 0, 0]",0.0,-4.181571747019068
"[9, 0, 0, 2]",0.0,-6.223569892560348
"[8, 2, 0, 3]",-2.7212611585953974,-6.089447823965463
"[7, 1, 1, 0]",0.0,-2.9092373883140414
"[6, 0, 1, 1]",0.0,-3.375560973934639
"[5, 0, 1, 2]",0.0,-3.5561337950919727
"[8, 7, 0, 1]",0.0,-1.2345767405929742
"[7, 6, 0, 2]",0.0,-1.2776390205110584
"[1, 8, 0, 2]",0.0,-2.425839994764757
"[6, 5, 1, 0]",0.0,-0.3926394563201935
"[5, 4, 1, 1]",0.0,-0.7655101160814802
"[4, 3, 1, 2]",0.0,-1.5114009385951712
"[3, 2, 1, 3]",-2.6746084131587398,-2.596212322388196
"[2, 1, 1, 3]",-3.4496977532524284,-3.4226225414705747
"[8, 6, 0, 1]",0.0,-1.9925475221034867
"[7, 5, 0, 2]",0.0,-2.2804217046825888
"[6, 4, 0, 3]",-1.4686101509366907,-2.75039215128767
"[5, 3, 0, 3]",-3.0656976686982977,-3.725791542924443
"[4, 2, 1, 0]",0.0,-4.197787236726721
"[3, 1, 1, 1]",0.0,-5.089893531733239
"[8, 0, 0, 3]",-5.284530317644817,-5.968590909467771
"[8, 5, 0, 2]",-0.02471575261730782,-1.9021031175923102
"[3, 8, 0, 1]",0.0,-2.269420303582382
"[2, 7, 0, 2]",0.0,-2.7408280830438456
"[1, 6, 0, 3]",-3.3032506888544555,-3.1723468068505425
"[0, 5, 0, 3]",-4.117910851383083,-3.6609635013148907
"[0, 4, 1, 0]",0.0,-6.668241825507346
"[0, 3, 1, 1]",0.0,-7.423525105943704
"[0, 2, 1, 2]",-0.23844594364243843,-7.1744924431374475
"[8, 6, 0, 2]",0.0,-1.048744716834359
"[7, 5, 0, 3]",-1.3044163051116306,-1.257134515190233
"[5, 3, 1, 0]",0.0,-2.1658641345056333
"[4, 2, 1, 1]",0.0,-2.8727729265797364
"[3, 1, 1, 2]",0.0,-3.4338884266461545
"[7, 8, 0, 2]",0.0,-0.2990670045477328
"[6, 7, 0, 3]",-0.04232446634750608,-0.24355397917661661
"[5, 6, 0, 3]",-0.3834718076220555,-0.3371903637125095
"[4, 5, 1, 0]",0.0,-1.0235409093926244
"[3, 4, 1, 1]",0.0,-2.179437112119544
"[2, 3, 1, 2]",0.0,-3.713737762334581
"[1, 2, 1, 3]",-4.514777274061262,-5.192722030329665
"[8, 4, 0, 1]",0.0,-2.6366106875222663
"[7, 3, 0, 2]",0.0,-3.8605147523179166
"[6, 2, 0, 3]",-3.7577991992142796,-5.348742921898836
"[2, 8, 0, 1]",-0.4062577465090329,-2.1613867917136522
"[1, 7, 0, 2]",0.0,-2.4537589807373426
"[2, 8, 1, 3]",-2.6824697941090894,-3.2485291505111373
"[1, 7, 1, 3]",-3.06355641435153,-5.640790783299753
"[6, 5, 0, 0]",0.0,-0.5325208751686854
"[5, 4, 0, 1]",0.0,-1.0138004322602447
"[4, 3, 0, 2]",0.0,-2.3651880024683956
"[3, 2, 0, 3]",-4.5848023391864325,-4.722003313256667
"[1, 0, 0, 3]",-7.144584056538614,-6.253175178310856
"[0, 0, 1, 0]",0.0,-10.639933269000224
"[8, 5, 1, 2]",-0.12792133002440811,-0.3956040751070292
"[3, 8, 0, 3]",-1.0359074985801096,-1.0383575627491706
"[2, 7, 0, 3]",-1.5894128855611482,-1.8912037369630927
"[8, 2, 1, 3]",-3.0525312755350953,-2.429721060026478
"[7, 1, 1, 3]",-3.638150316536905,-2.595263443665358
"[5, 6, 0, 0]",0.0,-0.8155337849427171
"[4, 5, 0, 1]",0.0,-1.8458714965781708
"[3, 4, 0, 2]",0.0,-3.378966427576811
"[2, 3, 0, 3]",-4.9408759355427945,-4.9316776459416545
"[1, 2, 0, 3]",-5.93052475505862,-5.706786587791408
"[0, 1, 1, 0]",0.0,-8.743577765495452
"[4, 6, 0, 3]",-1.0581933624332849,-1.1543657549947746
"[2, 4, 1, 0]",0.0,-3.4648628054645534
"[1, 3, 1, 1]",0.0,-5.6618275274653485
"[5, 8, 1, 1]",0.0,-0.5719131703829788
"[4, 7, 1, 2]",0.0,-0.8840833165381912
"[3, 6, 1, 3]",-3.349664104255665,-3.3068281682344502
"[2, 5, 1, 3]",-4.272457675022343,-4.470364764259038
"[1, 4, 0, 0]",0.0,-5.851165286244261
"[0, 3, 0, 1]",0.0,-6.613140924047812
"[8, 5, 1, 1]",0.0,-0.6163896778585739
"[7, 4, 1, 2]",0.0,-1.1603987215660068
"[7, 2, 0, 0]",-0.3735982343336875,-2.8184659975599473
"[6, 1, 0, 1]",0.0,-4.136526527823789
"[5, 0, 0, 2]",0.0,-4.812561243172773
"[4, 1, 0, 0]",0.0,-4.042010091601137
"[3, 0, 0, 1]",0.0,-4.634387278873687
"[7, 8, 1, 2]",0.0,-0.3976207703753988
"[6, 7, 1, 3]",-0.3145838798050307,-0.2859777501865601
"[5, 6, 1, 3]",-0.26877909746620127,-0.9717033838126311
"[4, 5, 1, 3]",-1.2564046829698425,-1.1111929089331023
"[4, 8, 0, 3]",-0.8235663624641244,-0.8000703572498729
"[3, 7, 0, 3]",-0.8411614523487344,-1.084791229398346
"[2, 6, 1, 0]",0.0,-1.9913603164902525
"[1, 5, 1, 1]",0.0,-4.436043632812569
"[8, 1, 0, 3]",-4.328172800487743,-5.145545684418073
"[6, 0, 1, 0]",0.0,-5.792940565785607
"[5, 0, 1, 1]",0.0,-4.863504194093268
"[4, 0, 1, 2]",0.0,-4.461726335888954
"[2, 8, 1, 2]",0.0,-4.73833255904081
"[7, 1, 0, 3]",-6.382053692976816,-6.514525637702548
"[7, 1, 0, 0]",0.0,-4.33646348529972
"[6, 0, 0, 1]",0.0,-4.299443265045648
"[5, 1, 0, 2]",0.0,-4.848221493477223
"[3, 1, 0, 3]",-5.8905116497042895,-5.319983237424871
"[7, 0, 1, 0]",0.0,-4.4540168115969125
"[5, 8, 0, 2]",0.0,-0.2542370646161922
"[4, 7, 0, 3]",-0.8158804248676128,-0.7926277893835119
"[3, 6, 0, 3]",-1.1493750670549172,-1.0651873404244947
"[2, 5, 0, 3]",-1.9269891947756068,-1.7718735509675296
"[1, 4, 1, 0]",0.0,-4.52430957218872
"[6, 8, 0, 1]",0.0,-0.45811219567379774
"[5, 7, 0, 2]",0.0,-0.7315293515478525
"[4, 1, 1, 0]",0.0,-4.929185818882695
"[8, 7, 0, 0]",0.0,-0.45940262519354835
"[7, 6, 0, 1]",0.0,-0.5908486729193959
"[6, 5, 0, 2]",0.0,-0.875536950184811
"[4, 3, 0, 3]",-2.4699107442695083,-3.346253697151397
"[3, 2, 1, 0]",0.0,-4.0557012683790825
"[2, 1, 1, 1]",0.0,-5.4591965435442456
"[8, 2, 1, 0]",-0.3665089570363978,-2.7519835058042137
"[7, 1, 1, 1]",0.0,-3.101025290563418
"[8, 3, 1, 1]",0.0,-1.869576833103797
"[7, 2, 1, 2]",0.0,-2.305619372700639
"[6, 1, 1, 3]",-2.7943556357049437,-2.62218917000034
"[0, 8, 1, 0]",0.0,-1.2536980165493437
"[0, 7, 1, 1]",0.0,-2.1770723142294917
"[0, 6, 1, 2]",0.0,-4.358903941547167
"[1, 8, 1, 3]",-3.122154232577891,-4.591750742004562
"[0, 7, 0, 0]",0.0,-3.62648379355477
"[6, 8, 1, 1]",0.0,-1.7304798497945857
"[5, 7, 1, 2]",0.0,-2.227880840836495
"[3, 5, 1, 3]",-3.5316266898943733,-3.5621754071850296
"[2, 4, 0, 0]",0.0,-4.727336369331315
"[1, 3, 0, 1]",0.0,-5.625278054483101
"[0, 2, 0, 2]",0.0,-6.3289821564931374
"[0, 7, 1, 0]",0.0,-6.211023590686908
"[0, 6, 1, 1]",0.0,-6.969437729958255
"[0, 5, 1, 2]",0.0,-6.869400991857379
"[1, 0, 0, 0]",0.0,-6.788890655083684
"[3, 8, 1, 0]",0.0,-0.035386529386920926
"[2, 7, 1, 1]",0.0,-0.30378500485602855
"[1, 6, 1, 2]",0.0,-1.4534155531720434
"[5, 8, 1, 0]",0.0,-1.4903443462974528
"[4, 7, 1, 1]",0.0,-2.45834623979764
"[3, 6, 1, 2]",0.0,-3.519208146286741
"[1, 4, 1, 3]",-5.266623797509991,-5.4929050063808305
"[1, 2, 0, 0]",0.0,-5.97810554897419
"[0, 1, 0, 1]",0.0,-6.056200098927202
"[4, 8, 1, 3]",-2.271153710355439,-3.077197539397326
"[2, 6, 0, 0]",0.0,-3.242413438355441
"[1, 5, 0, 1]",0.0,-3.5439154888025572
"[0, 4, 0, 2]",0.0,-3.860872604140713
"[8, 3, 1, 3]",-1.481647048961445,-1.3975704674932836
"[7, 2, 1, 3]",-2.0921915951160397,-2.127976916543348
"[0, 3, 0, 0]",0.0,-6.053097911452417
"[7, 0, 0, 0]",0.0,-4.848111882246858
"[4, 8, 1, 1]",0.0,-3.7898895389919622
"[3, 7, 1, 2]",0.0,-4.370414103584892
"[0, 4, 0, 0]",0.0,-6.099648776042712
"[8, 1, 0, 1]",0.0,-2.1451059867043156
"[7, 0, 0, 2]",0.0,-3.645559105482137
"[2, 8, 0, 0]",0.0,-2.839398268015599
"[1, 7, 0, 1]",0.0,-3.112183141436458
"[0, 6, 0, 2]",0.0,-3.5282734000174987
"[8, 2, 1, 1]",0.0,-2.209618092405561
"[7, 1, 1, 2]",0.0,-2.387658085991286
"[6, 8, 0, 3]",-0.6928351688593463,-0.6659281735621062
"[5, 7, 0, 3]",-0.7175813320885096,-0.7386816179057507
"[4, 6, 1, 0]",0.0,-1.665819828665753
"[3, 5, 1, 1]",0.0,-2.9597494724278226
"[2, 4, 1, 2]",0.0,-4.56796484201487
"[1, 3, 1, 3]",-4.951784966314087,-6.141461293075292
"[3, 1, 0, 0]",0.0,-4.257857521741608
"[2, 0, 0, 1]",-0.8220500488078628,-4.44541556012118
"[8, 3, 0, 1]",0.0,-1.6032777849414153
"[7, 2, 0, 2]",0.0,-2.831738957278238
"[5, 0, 0, 3]",-5.747842394594148,-5.961957261991885
"[3, 7, 1, 0]",0.0,-1.8503721724746562
"[2, 6, 1, 1]",0.0,-3.4576688088021306
"[1, 5, 1, 2]",0.0,-5.220756923882117
"[3, 8, 1, 2]",0.0,-2.5885115027726022
"[2, 7, 1, 3]",-2.143904842142045,-3.6991031721287726
"[1, 6, 1, 3]",-4.851627830050937,-4.738226217554427
"[0, 5, 0, 0]",-0.2177659482585594,-6.22122431841916
"[7, 8, 1, 3]",-0.4475078168046851,-0.4267538514809191
"[3, 4, 1, 3]",-1.8402019334009065,-2.047606903659612
"[2, 3, 1, 3]",-3.423016397867253,-3.2322489550088327
"[0, 1, 0, 0]",0.0,-5.651777210710086
"[8, 6, 1, 1]",0.0,-0.11704571020829624
"[7, 5, 1, 2]",0.0,-0.4571769093050315
"[6, 4, 1, 3]",-0.865244576885541,-1.136626656575753
"[5, 3, 1, 3]",-1.6755894577558748,-2.4492558950535597
"[4, 2, 1, 3]",-3.222073844544708,-3.235487797625036
"[3, 1, 1, 3]",-3.6580589507950068,-3.7704095911243516
"[7, 8, 1, 0]",0.0,-0.17192416361329216
"[6, 7, 1, 1]",0.0,-0.2840351958732459
"[5, 6, 1, 2]",0.0,-0.5570018415045102
"[2, 3, 0, 0]",0.0,-3.119239600682093
"[1, 2, 0, 1]",0.0,-4.564289717706493
"[1, 8, 0, 1]",0.0,-2.2300336695938783
"[0, 7, 0, 2]",-0.5997622938070248,-2.5162788634550295
"[5, 8, 0, 1]",0.0,-0.5634452144623002
"[4, 7, 0, 2]",0.0,-0.7345575461629703
"[1, 4, 0, 3]",-2.9913390757056884,-3.5913503336415995
"[8, 7, 0, 3]",-0.2017154898124661,-0.37921925948710955
"[5, 4, 1, 0]",0.0,-0.733461110042536
"[4, 3, 1, 1]",0.0,-1.4855483575005863
"[3, 2, 1, 2]",0.0,-2.4832182506357308
"[5, 2, 1, 0]",0.0,-3.4506728819113697
"[4, 1, 1, 1]",0.0,-3.9316536553252734
"[6, 7, 0, 0]",0.0,-0.8040867938160364
"[5, 6, 0, 1]",0.0,-1.402614868295479
"[4, 5, 0, 2]",0.0,-2.3100045913539047
"[3, 4, 0, 3]",-1.065459760841946,-3.551348189357035
"[1, 2, 1, 0]",0.0,-6.636617252080953
"[0, 1, 1, 1]",0.0,-7.777822898824415
"[6, 8, 0, 2]",0.0,-0.4286651825360351
"[3, 5, 1, 0]",0.0,-2.178362607143618
"[2, 4, 1, 1]",0.0,-3.7794053494241933
"[1, 3, 1, 2]",0.0,-5.486239821583367
"[4, 8, 0, 2]",0.0,-0.23667446859049268
"[7, 2, 1, 0]",0.0,-2.8113098914047487
"[6, 1, 1, 1]",0.0,-2.9977244196318606
"[8, 3, 1, 0]",0.0,-1.4108531374353492
"[7, 2, 1, 1]",0.0,-1.9615743673474288
"[6, 1, 1, 2]",0.0,-2.4449543163555725
"[7, 8, 0, 0]",0.0,-0.4321209872
"[6, 7, 0, 1]",0.0,-0.5722226135227282
"[5, 6, 0, 2]",0.0,-0.5487533649993356
"[4, 5, 0, 3]",-0.5632344965293918,-0.6425398752300422
"[0, 6, 0, 0]",0.0,-3.4374408904943246
"[1, 8, 1, 1]",0.0,-1.8359679991031603
"[7, 3, 0, 3]",-3.604161208920193,-3.5855247836129323
"[6, 2, 1, 0]",0.0,-4.00665813677099
"[5, 1, 1, 1]",0.0,-4.284669406284826
"[2, 3, 1, 0]",0.0,-2.454019663126477
"[1, 2, 1, 1]",0.0,-5.183238977670146
"[8, 6, 1, 3]",-0.8793768929165295,-0.813915467615853
"[7, 5, 0, 0]",-0.0033162405913892117,-1.5222470521656912
"[6, 4, 0, 1]",0.0,-2.4180195459333063
"[5, 3, 0, 2]",0.0,-3.4179179400038646
"[4, 2, 0, 3]",-4.700510800604884,-4.58800366531583
"[2, 0, 0, 3]",-6.8771391720324155,-5.331459167497786
"[8, 6, 0, 3]",-1.1115937141077823,-1.1099420023261775
"[8, 2, 1, 2]",-0.3914674691695964,-2.3453638144696707
"[8, 1, 1, 2]",0.0,-2.1975057997420513
"[7, 8, 1, 1]",0.0,-0.8449978601799571
"[6, 7, 1, 2]",0.0,-0.8694925217700769
"[3, 1, 1, 0]",0.0,-5.8412182938907335
"[7, 5, 1, 0]",0.0,-1.6438232146826812
"[6, 4, 1, 1]",0.0,-2.21994506836789
"[5, 3, 1, 2]",0.0,-2.7623823045382876
"[2, 0, 0, 0]",0.0,-4.059404935725496
"[3, 8, 1, 1]",0.0,-1.4263757180329864
"[2, 7, 1, 2]",0.0,-2.3863492988777457
"[8, 3, 1, 2]",0.0,-1.4562959608834338
"[5, 0, 0, 0]",0.0,-4.294877988310179
"[2, 8, 0, 2]",-0.4475965726110544,-2.347372362307859
"[5, 8, 0, 3]",-0.46669969065579064,-0.5671638943525028
"[3, 6, 1, 0]",0.0,-1.825772175647208
"[2, 5, 1, 1]",0.0,-3.631924809652332
"[1, 4, 1, 2]",0.0,-5.797353960546943
"[7, 4, 0, 1]",0.0,-1.3899835189038183
"[6, 3, 0, 2]",0.0,-2.4234985825097115
"[8, 5, 0, 0]",0.0,-1.0088013911033433
"[3, 8, 0, 0]",0.0,-1.5742969872325763
"[2, 7, 0, 1]",0.0,-2.249372135375553
"[1, 6, 0, 2]",0.0,-2.758239078267363
"[5, 8, 0, 0]",0.0,-0.2945161980648019
"[4, 7, 0, 1]",0.0,-0.3608943721805542
"[3, 6, 0, 2]",0.0,-0.7644935452279241
"[0, 3, 0, 3]",-5.580487327815741,-3.8073607671022693
"[4, 8, 0, 0]",0.0,-2.0999201581531284
"[3, 7, 0, 1]",0.0,-2.587665241176624
"[2, 6, 0, 2]",0.0,-2.960923775255129
"[1, 6, 1, 0]",0.0,-3.9918440106958433
"[4, 2, 0, 0]",0.0,-3.10667267700136
"[3, 1, 0, 1]",0.0,-4.3445207859715556
"[2, 0, 0, 2]",0.0,-5.151371285567911
"[7, 6, 1, 0]",0.0,-0.37231017484834455
"[6, 5, 1, 1]",0.0,-0.6846661332643542
"[5, 4, 1, 2]",0.0,-1.1847674107028852
"[4, 3, 1, 3]",-0.6172839285566655,-1.8672821485755695
"[2, 8, 1, 0]",0.0,-0.1192128545029833
"[1, 7, 1, 1]",0.0,-0.6538389577213468
"[1, 5, 1, 0]",0.0,-4.220721171754698
"[2, 5, 1, 0]",0.0,-2.5298610750020276
"[1, 4, 1, 1]",0.0,-5.180510941423373
"[8, 2, 0, 0]",0.0,-2.596464871114163
"[7, 3, 0, 0]",0.0,-2.879331775599386
"[6, 2, 0, 1]",0.0,-3.889321667856148
"[3, 8, 0, 2]",0.0,-0.3797539096629335
"[5, 8, 1, 3]",-2.3311023411854452,-2.319826378703943
"[4, 7, 1, 3]",-2.7074288533590596,-2.9269061770853604
"[3, 6, 0, 0]",0.0,-3.1314576907362017
"[2, 5, 0, 1]",0.0,-3.267562886045896
"[1, 4, 0, 2]",0.0,-3.3943934215002827
"[8, 7, 1, 3]",-0.6145108160325937,-0.41728078709056005
"[7, 6, 0, 0]",0.0,-0.9817481905886162
"[6, 5, 0, 1]",0.0,-1.5174417186998383
"[5, 4, 0, 2]",0.0,-2.3053941435170766
"[2, 1, 1, 0]",0.0,-6.295237402924871
"[6, 8, 1, 0]",0.0,-0.03519499619729803
"[5, 7, 1, 1]",0.0,-0.17528521853343196
"[4, 6, 1, 2]",0.0,-0.8483281173941704
"[2, 4, 1, 3]",-4.504418727667733,-4.4114617377113765
"[1, 7, 0, 0]",0.0,-3.4615128796523833
"[0, 6, 0, 1]",0.0,-3.886843056435175
"[8, 4, 1, 3]",-1.9798524351487916,-1.9756329511218265
"[7, 3, 1, 3]",-2.257412510023971,-2.197707550254615
"[6, 2, 1, 3]",-2.5197275744553416,-2.5308042935681474
"[5, 1, 1, 3]",-2.9073953104398456,-2.9241472444686245
"[4, 0, 0, 0]",0.0,-3.9990679594159273
"[1, 3, 0, 0]",0.0,-5.692341597332329
"[0, 2, 0, 1]",0.0,-6.375542906243646
"[1, 3, 0, 3]",-5.313657037764225,-5.109468278379596
"[2, 8, 1, 1]",0.0,-2.241416371517881
"[1, 7, 1, 2]",0.0,-4.0279828208824755
"[3, 8, 1, 3]",-1.8284813808708449,-1.914933155495537
"[8, 6, 1, 2]",0.0,-0.36754804095421323
"[7, 5, 1, 3]",-0.7143292451060993,-0.6583386854936881
"[0, 8, 0, 2]",-0.5013720226710573,-2.5484662323219447
"[5, 3, 0, 0]",0.0,-1.7237098861793163
"[4, 2, 0, 1]",0.0,-2.990973639792756
"[3, 1, 0, 2]",0.0,-4.276890657452019
"[6, 4, 1, 0]",0.0,-1.9782657559520809
"[5, 3, 1, 1]",0.0,-2.655621635201378
"[4, 2, 1, 2]",0.0,-3.2325667711110744
"[6, 4, 0, 0]",0.0,-1.6561217227328384
"[5, 3, 0, 1]",0.0,-2.86911012946966
"[4, 2, 0, 2]",0.0,-4.270052405122829
"[8, 4, 0, 2]",0.0,-3.1619700512789333
"[5, 1, 1, 0]",0.0,-4.051009964347638
"[4, 7, 1, 0]",0.0,-0.9333892085952558
"[3, 6, 1, 1]",0.0,-1.8205570468600771
"[2, 5, 1, 2]",-0.3016758987295801,-3.4768941347141147
"[0, 2, 1, 0]",0.0,-7.643706015250087
"[8, 1, 0, 0]",0.0,-1.0352861648523155
"[7, 0, 0, 1]",0.0,-2.918268621705612
"[8, 7, 1, 1]",0.0,-0.025032523296168573
"[7, 6, 1, 2]",0.0,-0.06021751140428788
"[6, 5, 1, 3]",-0.12660288808548653,-0.13269346167110385
"[5, 4, 1, 3]",-0.29660295346404664,-0.26880609765816066
"[4, 3, 0, 0]",0.0,-1.05800985121206
"[3, 2, 0, 1]",0.0,-2.639840876348033
"[2, 1, 0, 2]",0.0,-5.146365007550882
"[3, 7, 0, 0]",0.0,-2.423389322390791
"[2, 6, 0, 1]",0.0,-2.6971934536765994
"[1, 5, 0, 2]",0.0,-3.081234532022119
"[6, 3, 1, 0]",0.0,-2.797308538547091
"[5, 2, 1, 1]",0.0,-3.3677193331312476
"[4, 1, 1, 2]",0.0,-3.789759964220192
"[6, 8, 1, 3]",-2.01975414553968,-2.0096486878225748
"[4, 6, 0, 0]",0.0,-3.4663843982356455
"[3, 5, 0, 1]",0.0,-4.1844703789813735
"[2, 4, 0, 2]",0.0,-4.735163934006483
"[6, 0, 0, 0]",0.0,-4.245300257080363
"[7, 8, 0, 3]",-0.08515666363822237,-0.2972906841012733
"[5, 6, 1, 0]",0.0,-0.15441095508266311
"[4, 5, 1, 1]",0.0,-0.494519725882851
"[3, 4, 1, 2]",0.0,-1.3740266802029648
"[8, 0, 0, 1]",0.0,-4.700234134301056
"[8, 6, 0, 0]",0.0,-0.8138976595289428
"[7, 5, 0, 1]",0.0,-1.4632229739899107
"[6, 4, 0, 2]",0.0,-2.5273187228542824
"[5, 8, 1, 2]",0.0,-2.5393685011539526
"[2, 5, 0, 0]",-0.30181131488198143,-4.277310444662347
"[1, 4, 0, 1]",0.0,-4.954395069559409
"[0, 3, 0, 2]",0.0,-5.601892232738422
"[8, 6, 1, 0]",0.0,-0.4107675433579842
"[7, 5, 1, 1]",0.0,-0.8636065101690082
"[6, 4, 1, 2]",0.0,-1.5530758923564068
"[8, 4, 0, 0]",0.0,-0.3773747517677707
"[7, 3, 0, 1]",0.0,-0.9694596396241846
"[6, 2, 0, 2]",0.0,-2.609290709699177
"[1, 6, 0, 0]",0.0,-3.942901673662395
"[0, 5, 0, 1]",0.0,-4.518634025099387
"[1, 8, 1, 2]",0.0,-2.39346319957355
"[6, 3, 0, 0]",0.0,-1.8832026139410876
"[5, 2, 0, 1]",0.0,-3.206372857763076
"[8, 4, 1, 2]",0.0,-1.2207381661559806
"[5, 1, 0, 0]",0.0,-3.7376548735610537
"[4, 0, 0, 1]",0.0,-4.4826850199351735
"[6, 2, 0, 0]",0.0,-3.19450607546371
"[5, 1, 0, 1]",0.0,-4.152755763610851
"[4, 0, 0, 2]",0.0,-4.716828109078668
"[3, 4, 1, 0]",0.0,-1.3763659233650507
"[2, 3, 1, 1]",0.0,-2.9697471376182514
"[1, 2, 1, 2]",0.0,-4.9625327651302245
"[0, 2, 0, 0]",0.0,-5.594911554380408
"[8, 3, 0, 2]",0.0,-1.7595824603583399
"[5, 7, 1, 0]",0.0,-1.3289222675449812
"[4, 6, 1, 1]",0.0,-2.2266573325382417
"[3, 5, 1, 2]",0.0,-3.3034436626862558
"[2, 3, 0, 2]",0.0,-4.193618428453368
"[4, 5, 0, 0]",0.0,-0.9037264744195288
"[3, 4, 0, 1]",0.0,-2.2219941494856434
"[8, 2, 0, 2]",-0.17902642862627627,-4.649429652231771
"[8, 4, 1, 1]",0.0,-1.568369027631163
"[7, 3, 1, 2]",0.0,-2.06027272645885
"[0, 5, 0, 2]",0.0,-3.6309101631200322
"[1, 1, 0, 3]",-6.041574293866877,-6.142781397609303
"[8, 7, 1, 0]",0.0,0.0
"[7, 6, 1, 1]",0.0,-0.0018371362070774121
"[6, 5, 1, 2]",0.0,-0.039242388006645076
"[3, 2, 0, 0]",0.0,-1.7795317194886995
"[2, 1, 0, 1]",0.0,-3.2267751505423004
"[1, 0, 0, 2]",0.0,-4.554015603527413
"[1, 1, 0, 2]",0.0,-3.5366852360738714
"[0, 0, 0, 3]",-7.216508138241364,-6.8228786173744895
"[1, 1, 0, 0]",0.0,-3.3483721617108544
"[0, 0, 0, 1]",0.0,-4.836899848933378
"[2, 7, 0, 0]",-0.025530247543588503,-2.5856228412962796
"[1, 6, 0, 1]",0.0,-3.106198980698961
"[6, 1, 1, 0]",0.0,-4.389658619784403
"[4, 7, 0, 0]",0.0,-2.9786859725189836
"[3, 6, 0, 1]",0.0,-3.295326633530197
"[2, 5, 0, 2]",0.0,-3.462098947659619
"[1, 7, 1, 0]",0.0,-5.100612038387889
"[8, 7, 1, 2]",0.0,-0.1065102380756025
"[7, 6, 1, 3]",-0.18245974396697928,-0.1494001273129595
"[5, 4, 0, 0]",0.0,-0.4290874664847547
"[4, 3, 0, 1]",0.0,-1.2148932502155063
"[3, 2, 0, 2]",0.0,-3.082805950983496
"[8, 5, 0, 1]",0.0,-1.9846992544536217
"[7, 4, 0, 2]",0.0,-2.8721975330447176
"[8, 4, 1, 0]",0.0,-1.9985055943481946
"[7, 3, 1, 1]",0.0,-2.2867740447885163
"[6, 2, 1, 2]",0.0,-2.5290362415645986
"[1, 8, 1, 0]",0.0,-0.03237243619350836
"[5, 7, 0, 0]",0.0,-2.71375747067437
"[4, 6, 0, 1]",0.0,-3.4160856362548624
"[3, 5, 0, 2]",0.0,-4.071800865454218
"[2, 7, 1, 0]",0.0,-2.5766999988333623
"[1, 6, 1, 1]",0.0,-4.8891746462715036
"[6, 7, 1, 0]",0.0,-0.18202018476432882
"[5, 6, 1, 1]",0.0,-0.4161993837968486
"[4, 5, 1, 2]",0.0,-1.0067814845625527
"[7, 8, 0, 1]",0.0,-0.3078820735967096
"[6, 7, 0, 2]",0.0,-0.3205452322963825
"[8, 3, 0, 0]",0.0,-0.30805978617727764
"[7, 2, 0, 1]",0.0,-0.5275622951759205
"[6, 1, 0, 2]",0.0,-1.9880158341724876
