"[9, 9, 0, 0]",-0.03316536306539425,-0.14614907801947077
"[9, 9, 1, 0]",-0.0018902579969363844,-0.18033901479367
"[9, 9, 1, 1]",0.0,-0.17816858205521055
"[9, 9, 1, 2]",-0.04122968933270994,-0.17374565549769205
"[9, 9, 1, 3]",-0.1799474720857575,-0.15813925056508651
"[9, 9, 0, 1]",-0.0420554731052282,-0.17429574955308874
"[9, 9, 0, 2]",-0.01251629777374533,-0.18613298651459165
"[9, 9, 0, 3]",-0.1498198930273491,-0.15895098304665112
"[9, 8, 0, 1]",-0.2117464963029908,-0.20723839825205823
"[9, 7, 0, 2]",-0.09861416126368204,-0.23565917324139654
"[9, 6, 0, 3]",-0.6141487490681883,-0.2444014061815285
"[9, 5, 0, 3]",-0.42175713347438865,-0.24002717998273673
"[9, 4, 1, 0]",0.0,-0.47536396060323705
"[9, 3, 1, 1]",0.0,-0.5449903975563997
"[9, 2, 1, 2]",-0.8412716200783077,-0.6501550622273324
"[9, 1, 1, 3]",-4.110698529000794,-0.7780786669376235
"[9, 0, 1, 3]",-4.102647225761408,-0.40468182478930287
"[8, 9, 1, 3]",-0.6758278970133031,-0.28224391632415036
"[7, 9, 1, 3]",-0.6389881517088367,-0.24547544579165917
"[6, 9, 0, 0]",0.0,-0.7688767249839926
"[5, 9, 0, 1]",0.0,-0.8987686959835371
"[4, 9, 0, 2]",0.0,-0.9287209788557037
"[3, 9, 0, 3]",-2.378543836477321,-0.8498723678169253
"[2, 9, 0, 3]",-3.151037450949201,-1.0163145982721629
"[1, 9, 0, 3]",-4.096897556771916,-0.40577983148788765
"[0, 9, 1, 0]",-0.13605004908160542,-4.547381960063673
"[0, 9, 1, 1]",-0.347833342707244,-3.9196203541042896
"[0, 9, 1, 2]",-0.7399553918084822,-3.1193823604392246
"[0, 9, 1, 3]",-1.2716019642810683,-2.2610464204194822
"[0, 9, 0, 0]",-1.0684859175804755,-0.29100943205600877
"[0, 9, 0, 1]",-0.7467843302246054,-0.39451168696234495
"[1, 9, 0, 2]",0.0,-0.3411756733488951
"[0, 8, 0, 3]",-5.332255779179661,-0.4745542295074355
"[9, 7, 0, 3]",-0.6287886660803148,-0.238241330292572
"[9, 0, 0, 0]",-0.2582795700349938,-4.498408250623965
"[9, 0, 0, 1]",0.0,-3.8692544300174214
"[9, 0, 0, 2]",-0.4245882756714674,-3.1494862752653217
"[9, 0, 0, 3]",-1.3155075356273087,-2.3937337970020893
"[9, 0, 1, 0]",-0.7590251000763313,-0.3706543190479119
"[9, 0, 1, 1]",-1.19401428985393,-0.40849753920589826
"[9, 7, 1, 2]",-0.008092689197512073,-0.7486404754539687
"[9, 6, 1, 3]",-0.34389168397424247,-0.8676182369228704
"[9, 5, 1, 3]",-0.9975750412021658,-1.1137804273848195
"[9, 4, 1, 3]",-1.5830478916233184,-1.24336578280511
"[9, 3, 1, 3]",-2.3653209726515487,-1.3160186245900363
"[8, 2, 1, 3]",-4.155393992254203,-1.6593071832785329
"[7, 1, 1, 3]",-5.760283463601284,-0.43043726260676285
"[6, 0, 1, 3]",-5.48437912914471,-0.6038104424819456
"[5, 0, 0, 0]",0.0,-6.241384008101829
"[4, 0, 0, 1]",0.0,-5.842275731437389
"[3, 0, 0, 2]",0.0,-5.3318414969982175
"[2, 0, 0, 3]",-4.615144023429479,-4.624841875993243
"[1, 0, 0, 3]",-5.425981006354567,-3.619151515965141
"[0, 0, 0, 3]",-5.358205937083566,-2.570654758629194
"[6, 0, 0, 3]",-1.3546045299684017,-3.1311270654332466
"[5, 0, 1, 0]",0.0,-0.35158735927048235
"[4, 1, 1, 1]",0.0,-0.49916460749190505
"[3, 0, 1, 2]",0.0,-0.5746699694069863
"[2, 9, 1, 3]",-0.32320794933049735,-0.4224956965597092
"[1, 9, 1, 3]",-0.2992304878743429,-1.1968915864881777
"[9, 8, 1, 1]",-0.017238882198176608,-0.6587698515302717
"[9, 2, 1, 3]",-3.1496082923157256,-1.492053826219142
"[8, 1, 1, 3]",-4.7522452698429944,-0.7980588692820423
"[7, 0, 1, 3]",-5.359763044026841,-0.4565385491791085
"[6, 0, 0, 0]",0.0,-6.544440159440087
"[5, 0, 0, 1]",0.0,-6.153380990935733
"[4, 0, 0, 2]",0.0,-5.716571765582393
"[3, 0, 0, 3]",-3.7714041530167366,-5.2226484398308
"[1, 0, 1, 0]",0.0,-3.8612824558332277
"[0, 9, 0, 3]",-4.1347652484954205,-0.7342031109255958
"[7, 9, 0, 0]",0.0,-0.7669949301160096
"[6, 9, 0, 1]",0.0,-0.8955637375088161
"[5, 9, 0, 2]",0.0,-1.030386298114891
"[4, 9, 0, 3]",-1.6108461758143884,-0.9713741736749545
"[2, 9, 1, 0]",-0.034009425205409886,-2.574221063853061
"[1, 9, 1, 1]",0.0,-2.881504093229486
"[8, 9, 0, 3]",-0.21885360812393004,-0.25369215011943796
"[7, 8, 1, 0]",-2.6278897744946597e-05,-0.5662255882545741
"[6, 7, 1, 1]",0.0,-0.9467318424589326
"[5, 6, 1, 2]",0.0,-1.3140223351484384
"[4, 5, 1, 3]",-1.1240009890758784,-1.6047616791666899
"[3, 4, 1, 3]",-1.8596075468975084,-2.21486011613936
"[2, 3, 0, 0]",0.0,-2.112813808304666
"[1, 2, 0, 1]",0.0,-2.387606608166179
"[0, 1, 0, 2]",0.0,-2.545723916034898
"[6, 9, 1, 3]",-0.605676889617778,-0.25440996351984535
"[5, 9, 1, 3]",-0.45927312652208985,-0.24603583508290341
"[4, 9, 1, 3]",-0.29930124584202267,-0.2755458008518748
"[3, 9, 1, 3]",-0.31580727306324563,-0.3147712159662697
"[2, 9, 0, 0]",-0.3172048227830768,-0.37810715656554666
"[1, 9, 0, 1]",0.0,-0.457262485242662
"[0, 9, 0, 2]",-0.4026936930224157,-0.519842221387251
"[4, 8, 0, 2]",0.0,-0.8734500506154678
"[3, 7, 0, 3]",-1.7230216074030722,-0.9740761265689968
"[2, 6, 0, 3]",-3.4412876250251476,-0.8198851424006627
"[1, 5, 1, 0]",0.0,-4.746894015887274
"[0, 4, 1, 1]",0.0,-5.658076265246188
"[0, 3, 1, 2]",0.0,-5.19945708803078
"[0, 2, 1, 3]",-4.59966755579671,-4.718613729208239
"[0, 1, 1, 3]",-5.502957698869751,-4.080673310550429
"[0, 0, 1, 3]",-5.523480683562392,-3.0833293128923995
"[0, 8, 1, 3]",-1.3051403748292028,-2.360068642769221
"[0, 7, 1, 3]",-1.3382550788505945,-2.6879742887888547
"[0, 6, 0, 0]",0.0,-0.3208998946756694
"[9, 5, 0, 1]",0.0,-0.2346899078100332
"[9, 4, 0, 2]",0.0,-0.26258589973103935
"[9, 3, 0, 3]",-0.33465776142176845,-0.3030502255206742
"[9, 2, 0, 3]",-0.3473061290961677,-0.4449226887758871
"[9, 1, 1, 0]",0.0,-0.38784337410001796
"[9, 8, 1, 2]",-0.019143347848561466,-0.28798581613184726
"[9, 7, 1, 3]",-0.3600190306584787,-0.3307275304182702
"[9, 4, 0, 0]",0.0,-0.9931488233451365
"[9, 3, 0, 1]",0.0,-1.1026077930071505
"[9, 2, 0, 2]",-0.1547357496623895,-1.1908321402961808
"[9, 1, 0, 3]",-0.3157263873707108,-1.2536430764256505
"[9, 8, 1, 3]",-0.21893555562833716,-0.27626300306615253
"[9, 6, 0, 0]",0.0,-0.22425972073131187
"[8, 2, 0, 3]",-0.25284105061516926,-0.46395812224903804
"[7, 1, 0, 3]",-0.4062204833959703,-1.5153322510301381
"[6, 0, 1, 0]",0.0,-0.4604396430996926
"[5, 0, 1, 1]",0.0,-0.4415667961053987
"[4, 8, 1, 2]",0.0,-0.4414549201943064
"[3, 7, 1, 3]",-0.354459522785811,-0.5214293341886157
"[2, 6, 1, 3]",-0.4579967734164452,-1.0193626255570343
"[1, 5, 1, 3]",-1.1140420757601752,-2.804808799177722
"[0, 4, 0, 0]",0.0,-1.3558378041315888
"[9, 2, 1, 1]",-0.5323082332946301,-0.4008432080821797
"[9, 1, 1, 2]",0.0,-0.5074679520024558
"[8, 2, 0, 2]",-0.02441391630961321,-1.4277835729109354
"[4, 8, 1, 1]",0.0,-0.8217647822979663
"[3, 7, 1, 2]",0.0,-0.9395968500800305
"[8, 0, 0, 3]",-1.297587919291894,-2.385170071793181
"[7, 0, 0, 3]",-1.3993002331821347,-2.555513052208849
"[5, 0, 0, 3]",-2.0761361549001474,-3.775961424760239
"[4, 0, 1, 0]",0.0,-1.211304534107326
"[3, 9, 1, 1]",0.0,-1.1248390487814706
"[2, 9, 1, 2]",-0.11136983227278886,-1.1722659677857024
"[7, 9, 0, 1]",-0.013860843848457744,-0.8410658669581466
"[6, 9, 0, 2]",0.0,-0.9538237813040777
"[5, 9, 0, 3]",-0.8951528641977613,-1.0965410556102688
"[2, 9, 0, 2]",-0.3039043669218299,-0.5581982656127282
"[0, 7, 1, 0]",0.0,-6.008592328126446
"[0, 6, 1, 1]",0.0,-5.567610173392334
"[0, 5, 1, 2]",0.0,-5.0512508007143815
"[0, 4, 1, 3]",-3.0129197248293154,-4.459583031902727
"[0, 3, 1, 3]",-3.713130678629944,-5.2058857293466945
"[0, 2, 0, 0]",-0.936571768344631,-3.01423638355273
"[0, 1, 0, 1]",0.0,-3.246876944589315
"[8, 9, 0, 1]",0.0,-0.6465275654736209
"[7, 9, 0, 2]",-0.004605721890018593,-0.7643027686350274
"[6, 9, 0, 3]",-0.31381390283434696,-0.833786979714767
"[3, 9, 1, 0]",0.0,-1.7894552806995894
"[2, 9, 1, 1]",-0.025764438303667425,-1.910604225425264
"[1, 9, 1, 2]",0.0,-2.0827355660774476
"[9, 8, 0, 2]",-0.12037459457893232,-0.2227545504249733
"[8, 4, 1, 0]",0.0,-0.18238625679641696
"[7, 3, 1, 1]",0.0,-0.38846028670380306
"[6, 2, 1, 2]",0.0,-0.5634129465778791
"[5, 1, 1, 3]",-4.739042169392358,-0.6958580411576212
"[4, 0, 1, 3]",-4.108701050843299,-0.5170475523286268
"[3, 0, 0, 0]",0.0,-4.785756820614147
"[2, 0, 0, 1]",-0.47081702805940095,-4.2196559498489
"[1, 0, 0, 2]",0.0,-3.5953566501837755
"[7, 0, 1, 0]",-0.6266286783840931,-0.34602754918824696
"[6, 9, 1, 1]",0.0,-0.22528010040751809
"[5, 9, 1, 2]",0.0,-0.2495445783295494
"[0, 8, 0, 0]",-0.9708829178807452,-0.28600576888467866
"[1, 7, 0, 1]",0.0,-0.33131793577513197
"[0, 6, 0, 2]",0.0,-0.3187045222231328
"[8, 4, 0, 3]",-0.2558119999875983,-0.3425098527609297
"[7, 3, 0, 3]",-0.3168956494229634,-0.5647471326657963
"[6, 2, 0, 3]",-0.5595774110258532,-1.0381721112203606
"[5, 1, 0, 3]",-1.0943863864949623,-2.539011124947905
"[4, 0, 0, 3]",-2.9542096424588644,-4.4965025456287355
"[2, 0, 1, 0]",-1.0603759315719157,-3.0375862737107324
"[9, 7, 0, 0]",0.0,-0.28118656495279926
"[9, 6, 0, 1]",0.0,-0.23151846002161866
"[9, 5, 0, 2]",0.0,-0.24313401522856015
"[9, 4, 0, 3]",-0.285206053084667,-0.26707855414153714
"[8, 0, 1, 1]",-0.4690127455310245,-0.2929870078141839
"[7, 5, 1, 2]",0.0,-0.9576816024331124
"[6, 4, 1, 3]",-1.8502544941035184,-1.2442085360670478
"[5, 3, 1, 3]",-2.6084394538953557,-1.1887557324677696
"[4, 2, 0, 0]",0.0,-3.4098693999331413
"[3, 1, 0, 1]",0.0,-4.0770280362638385
"[2, 0, 0, 2]",0.0,-4.542704912707531
"[0, 0, 1, 0]",0.0,-4.710515681636895
"[0, 1, 0, 0]",0.0,-3.99682281936258
"[0, 5, 1, 1]",0.0,-6.113962816113243
"[0, 4, 1, 2]",0.0,-5.707456665755505
"[0, 0, 0, 0]",-0.5563460123488055,-5.069843744246135
"[9, 6, 1, 2]",0.0,-0.8932137062575195
"[9, 3, 0, 0]",0.0,-1.7679747189406783
"[9, 2, 0, 1]",0.0,-1.8859235974921218
"[9, 1, 0, 2]",0.0,-2.14232267357283
"[9, 5, 1, 2]",0.0,-1.066461999599454
"[5, 9, 0, 0]",0.0,-0.7020809563760178
"[4, 9, 0, 1]",0.0,-0.8634905152480132
"[3, 9, 0, 2]",0.0,-0.9565235777578565
"[9, 8, 1, 0]",-0.023949784956962174,-0.6794984819948748
"[9, 7, 1, 1]",0.0,-0.7563201769984339
"[8, 2, 0, 1]",0.0,-2.400604504574903
"[7, 1, 0, 2]",0.0,-2.7320161544594557
"[3, 0, 1, 0]",0.0,-2.153864549916755
"[2, 3, 1, 1]",0.0,-3.035083705127498
"[1, 2, 1, 2]",0.0,-3.4938059875874075
"[8, 0, 1, 0]",-0.15725267524373435,-0.26815106800471433
"[7, 0, 1, 1]",-0.5533502132662175,-0.3483122755391022
"[6, 9, 1, 2]",0.0,-0.22340113662695224
"[3, 9, 0, 0]",0.0,-0.3351532494067273
"[2, 9, 0, 1]",-0.3194312541275884,-0.35365813192157947
"[7, 9, 0, 3]",-0.2822151869274616,-0.3219489019934098
"[5, 9, 1, 0]",0.0,-0.35259982247528143
"[4, 9, 1, 1]",0.0,-0.3211361738508402
"[3, 9, 1, 2]",0.0,-0.3532349799819744
"[0, 7, 0, 0]",-0.4824033290833146,-0.2956254435800686
"[4, 6, 0, 1]",0.0,-0.8334200231657437
"[3, 5, 0, 2]",0.0,-0.9672000832074995
"[2, 4, 0, 3]",-3.278110738919695,-1.3694776801708373
"[1, 3, 0, 3]",-4.337873811680419,-0.9200419956105247
"[0, 2, 0, 3]",-4.3351470904288885,-0.8704253034923456
"[4, 2, 1, 2]",0.0,-0.891005977905209
"[3, 1, 1, 3]",-4.204766491712503,-1.0097932151326647
"[2, 0, 1, 3]",-4.240392327970807,-0.5109440556327365
"[1, 0, 0, 0]",0.0,-4.792522274184477
"[0, 0, 0, 1]",0.0,-4.460648513986447
"[8, 9, 1, 2]",-0.12907263248634,-0.2296634939405619
"[9, 2, 0, 0]",0.0,-2.541496957287302
"[9, 1, 0, 1]",0.0,-2.8513368050806434
"[9, 6, 1, 1]",0.0,-0.8574723345169138
"[5, 3, 1, 1]",0.0,-0.7654322636155831
"[1, 8, 1, 3]",-0.2815113797100829,-1.4769410232395364
"[8, 0, 1, 2]",-0.6939010213319567,-0.5001457970780708
"[6, 9, 1, 0]",0.0,-0.271649986887089
"[5, 9, 1, 1]",0.0,-0.2604093687071565
"[4, 9, 1, 2]",0.0,-0.28024951894977296
"[9, 8, 0, 3]",-0.593665414502962,-0.2625450402615739
"[9, 5, 1, 0]",0.0,-0.671424551672638
"[9, 4, 1, 1]",0.0,-0.8332484212618886
"[9, 3, 1, 2]",0.0,-1.112683052684701
"[3, 8, 1, 3]",-0.2625380130933025,-0.2999071942932293
"[2, 7, 0, 0]",-0.3335851482022595,-0.3011814228958038
"[1, 6, 0, 1]",0.0,-0.35124065510484676
"[0, 5, 0, 2]",0.0,-0.39782753037420576
"[9, 2, 1, 0]",-0.54159752636127,-0.382810044236901
"[9, 1, 1, 1]",0.0,-0.4268607551883945
"[9, 0, 1, 2]",-0.7658906643007253,-0.41697935363428834
"[8, 9, 1, 1]",-0.09785025237894948,-0.20138514979470576
"[7, 9, 1, 2]",-0.06059137437164202,-0.2236594079719257
"[4, 9, 0, 0]",0.0,-0.5244267975888002
"[3, 9, 0, 1]",0.0,-0.5846886000039248
"[8, 6, 0, 1]",0.0,-0.7906209125432947
"[7, 5, 0, 2]",0.0,-0.8510290838849794
"[6, 4, 0, 3]",-0.4094530696199685,-1.058572378817281
"[5, 3, 0, 3]",-1.0148941374102143,-1.6792823546719977
"[4, 2, 0, 3]",-1.7960998066819618,-2.475125925490691
"[3, 1, 0, 3]",-2.746499577371191,-4.202884096088865
"[7, 8, 0, 2]",0.0,-0.36880646426027713
"[6, 7, 0, 3]",-0.859669600824953,-0.8618313413569049
"[5, 6, 0, 3]",-1.3074916068156974,-1.2780418147732726
"[4, 5, 0, 3]",-1.6656478636271712,-1.6288668861039748
"[3, 4, 0, 3]",-2.009926283153502,-1.8656383361917113
"[2, 3, 0, 3]",-2.630504129116033,-1.7963449274228023
"[1, 2, 0, 3]",-4.2308387695978364,-1.4632930243100244
"[0, 1, 0, 3]",-4.367615572439451,-1.4158018203093072
"[4, 8, 0, 0]",0.0,-0.2682542753694576
"[3, 7, 0, 1]",0.0,-0.4406348832106749
"[2, 6, 0, 2]",0.0,-0.5432960984354829
"[1, 5, 0, 3]",-4.643229753266395,-1.1676941489499992
"[0, 4, 0, 3]",-4.136739689566339,-0.6861283239327812
"[8, 9, 0, 2]",-0.04084255773476473,-0.29792718508085336
"[4, 9, 1, 0]",0.0,-1.0047494783943685
"[9, 7, 0, 1]",-0.059802436175221435,-0.20408876808638626
"[9, 6, 0, 2]",0.0,-0.21693344009262022
"[6, 0, 1, 1]",0.0,-0.42017991489321055
"[5, 3, 1, 2]",0.0,-0.9211574005812808
"[4, 2, 1, 3]",-2.9737758887018964,-1.0581223696151163
"[8, 3, 0, 3]",-0.34234354108693654,-0.3160702533495022
"[7, 2, 0, 3]",-0.3298033665661183,-0.4172271998441202
"[6, 1, 1, 0]",0.0,-0.37201342077357646
"[2, 7, 1, 3]",-0.3266890419304983,-0.5671452293581901
"[1, 6, 1, 3]",-0.41307225987683377,-1.9267966910519552
"[0, 5, 1, 3]",-2.2273322753469165,-3.79902013158362
"[8, 5, 0, 0]",0.0,-0.9717009004328461
"[7, 4, 0, 1]",0.0,-1.2961072946606638
"[6, 3, 0, 2]",0.0,-1.4985499124751973
"[5, 2, 0, 3]",-1.105630108514357,-1.6415069031353173
"[4, 1, 0, 3]",-1.8460844499691458,-3.403125755919198
"[0, 7, 0, 1]",-0.05019237064491492,-0.4406348730488879
"[6, 8, 0, 1]",0.0,-0.7736321892309128
"[5, 7, 0, 2]",0.0,-1.0059683012347627
"[4, 6, 0, 3]",-1.9147898639165783,-1.2415226554010637
"[3, 5, 0, 3]",-2.9072840888879803,-1.2823916656528211
"[1, 3, 1, 0]",0.0,-3.757481783442752
"[0, 2, 1, 1]",-0.4030592375551365,-4.2496548861429195
"[0, 1, 1, 2]",0.0,-3.7289790678565256
"[9, 8, 0, 0]",-0.11621679034857674,-0.18295022817897102
"[2, 8, 0, 1]",-0.34429207022431174,-0.3455905389417861
"[1, 7, 0, 2]",0.0,-0.3935170658382739
"[0, 6, 0, 3]",-5.445053566216857,-0.47369320699148626
"[9, 1, 0, 0]",0.0,-3.5363869565794834
"[8, 9, 0, 0]",0.0,-0.7466461883924318
"[6, 8, 0, 2]",0.0,-0.8224292921716156
"[5, 7, 0, 3]",-1.5131445756717987,-1.0020452223435397
"[2, 4, 1, 0]",0.0,-3.5163557498228837
"[1, 3, 1, 1]",0.0,-4.034851310583679
"[0, 2, 1, 2]",-0.8398732394816306,-4.855988751657261
"[8, 0, 0, 1]",0.0,-4.424272380133896
"[7, 0, 0, 2]",-0.1346773288273264,-3.8017827222629186
"[3, 5, 1, 1]",0.0,-3.14124685749394
"[2, 4, 1, 2]",0.0,-3.6338958640879775
"[1, 3, 1, 3]",-2.5946515372046894,-4.135335166805335
"[7, 0, 0, 1]",0.0,-4.841837773703588
"[6, 0, 0, 2]",0.0,-4.408356964059424
"[0, 6, 1, 3]",-1.535125641543841,-3.1320830603419427
"[0, 3, 0, 0]",0.0,-1.9564970528317163
"[0, 2, 0, 1]",-0.34910772841648324,-2.110940705220003
"[7, 1, 1, 1]",0.0,-0.37826569944382615
"[6, 0, 1, 2]",0.0,-0.387006483218157
"[1, 8, 1, 1]",0.0,-3.062623317330298
"[0, 7, 1, 2]",-0.10798300759660194,-3.859981944001681
"[2, 8, 0, 3]",-4.044615493488222,-1.1566610742219559
"[1, 7, 0, 3]",-5.7282545661689594,-0.7454363094235229
"[0, 6, 1, 0]",0.0,-6.464210786445514
"[9, 6, 1, 0]",0.0,-0.7108439597179002
"[8, 5, 1, 1]",0.0,-0.5821421213649707
"[7, 4, 1, 2]",0.0,-0.8893178561534817
"[6, 3, 1, 3]",-1.4957096987091174,-1.1918195113807508
"[5, 2, 1, 3]",-2.4316377447751103,-1.1323747254346745
"[4, 1, 1, 3]",-4.147285501815927,-0.8335478165792843
"[3, 0, 1, 3]",-4.263168802523535,-0.39728555572732593
"[1, 9, 0, 0]",0.0,-0.33530098574111394
"[1, 9, 1, 0]",0.0,-3.534446941690306
"[0, 5, 0, 3]",-4.31469027423509,-0.5999410934888864
"[8, 1, 1, 2]",0.0,-0.3729110507767352
"[7, 9, 1, 0]",0.0,-0.2550305446048785
"[9, 5, 0, 0]",0.0,-0.33116291046662993
"[9, 4, 0, 1]",0.0,-0.3071859056062864
"[9, 3, 0, 2]",0.0,-0.3447662121279109
"[3, 8, 1, 1]",0.0,-1.2080842423686302
"[2, 7, 1, 2]",-0.030164994284368047,-1.6024761030785168
"[4, 8, 0, 3]",-1.2550724437604621,-0.9533640816261559
"[3, 7, 1, 0]",0.0,-2.3453705047049196
"[2, 6, 1, 1]",0.0,-3.4565517154814134
"[1, 5, 1, 2]",0.0,-4.0321817496411905
"[9, 7, 1, 0]",-0.01905034862070059,-0.7479541983065774
"[8, 4, 1, 3]",-1.242370927401409,-1.2156188703980326
"[7, 3, 1, 3]",-2.202606198794344,-1.6129713445812213
"[6, 2, 0, 0]",0.0,-3.7423461026878546
"[5, 1, 0, 1]",0.0,-5.093226055685056
"[0, 3, 1, 1]",0.0,-5.287245179538804
"[8, 1, 0, 1]",0.0,-3.1415575563187725
"[2, 8, 0, 2]",-0.318164129576814,-0.6712468973502544
"[8, 7, 1, 3]",-0.3745747074489604,-0.40643617032670176
"[7, 6, 0, 0]",0.0,-0.8009335300660249
"[6, 5, 0, 1]",0.0,-1.387019686239332
"[5, 4, 0, 2]",0.0,-1.8761967087184663
"[4, 3, 0, 3]",-1.749718401959323,-2.3001353314066235
"[3, 2, 0, 3]",-2.5885122511777667,-3.110071689149424
"[2, 1, 0, 3]",-3.5222289787645233,-3.69956807459094
"[7, 6, 1, 3]",-0.7001614812633121,-0.7120921011510174
"[6, 5, 1, 3]",-1.0924554862537768,-1.1512020894925554
"[5, 4, 1, 3]",-1.5536422891567483,-1.470377465221172
"[4, 3, 1, 3]",-1.8204295072019614,-1.7497773641016419
"[3, 2, 1, 3]",-2.34816908329507,-1.9032921331675254
"[2, 1, 0, 0]",0.0,-3.4293242052106185
"[1, 0, 0, 1]",0.0,-4.170913840397199
"[0, 0, 0, 2]",0.0,-3.5293825729522044
"[2, 5, 1, 1]",0.0,-4.070020309566599
"[1, 4, 1, 2]",0.0,-4.663066947559457
"[0, 0, 1, 1]",0.0,-4.509469548438384
"[0, 5, 0, 0]",0.0,-0.4264152286913272
"[0, 8, 1, 0]",0.0,-5.496274021958363
"[0, 7, 1, 1]",0.0,-5.012955822451965
"[0, 6, 1, 2]",0.0,-4.436399313322865
"[9, 5, 1, 1]",0.0,-0.8527204049568916
"[9, 4, 1, 2]",0.0,-1.088419782577585
"[8, 5, 0, 1]",0.0,-0.7216163833387486
"[7, 4, 0, 2]",0.0,-0.8492234011005634
"[6, 3, 0, 3]",-0.352504361791198,-1.0188982800530775
"[4, 1, 1, 0]",0.0,-1.246921880495255
"[3, 0, 1, 1]",0.0,-1.5834115445831403
"[2, 0, 1, 2]",-1.3935365042182528,-1.3415370204720412
"[7, 0, 0, 0]",-0.1348822861950701,-6.094995335884793
"[6, 0, 0, 1]",0.0,-5.6340644692241915
"[5, 0, 0, 2]",0.0,-5.139016661944299
"[0, 6, 0, 1]",0.0,-0.32408670614412366
"[6, 8, 1, 0]",0.0,-1.0179222675261932
"[5, 7, 1, 1]",0.0,-1.2434255425099892
"[4, 6, 1, 2]",0.0,-1.4628512774293525
"[3, 5, 1, 3]",-1.1336438904852904,-1.7034939159722553
"[2, 4, 1, 3]",-1.881395299028234,-2.427011117020346
"[1, 3, 0, 0]",0.0,-2.064421922774176
"[4, 8, 1, 3]",-0.2876555259520079,-0.3455759353304553
"[7, 3, 1, 2]",0.0,-0.9158294864092681
"[6, 2, 1, 3]",-3.272812519506501,-1.1826807673731152
"[4, 0, 0, 0]",0.0,-5.582206815892916
"[3, 0, 0, 1]",0.0,-5.1593761987154485
"[7, 9, 1, 1]",-0.059344701693500895,-0.21210253487546496
"[5, 8, 1, 2]",0.0,-0.36843413127731617
"[4, 7, 1, 3]",-0.3698345428559616,-0.44796677447046024
"[3, 6, 1, 3]",-0.46293919559499447,-1.0469239680630262
"[2, 5, 1, 3]",-1.1081989673017143,-1.8464745521945696
"[1, 4, 1, 3]",-1.8815735643409568,-3.33747298284361
"[2, 8, 1, 2]",-2.867988541399279e-07,-1.3478357196816828
"[1, 7, 1, 3]",-0.330178361538578,-1.4184689307993523
"[8, 0, 0, 0]",0.0,-5.324491138610901
"[8, 6, 1, 1]",0.0,-0.6928492422621279
"[8, 1, 0, 0]",0.0,-2.2967776142644523
"[1, 8, 0, 3]",-4.364535956252489,-0.5018690584207754
"[8, 6, 0, 3]",-0.47462913479261015,-0.42582043322884894
"[7, 5, 1, 0]",0.0,-0.6474694654709406
"[6, 4, 1, 1]",0.0,-0.7969613604410696
"[9, 3, 1, 0]",0.0,-0.31830659111872606
"[8, 0, 1, 3]",-5.24854984997592,-0.5151729387883832
"[6, 5, 0, 0]",0.0,-1.2955365915462116
"[5, 4, 0, 1]",0.0,-2.0266572250275603
"[4, 3, 0, 2]",0.0,-2.6170095910391233
"[8, 9, 1, 0]",-0.09181907368494542,-0.1821155602385902
"[5, 8, 1, 3]",-0.32006750969831893,-0.31571427099595084
"[3, 6, 0, 0]",0.0,-0.4213678148633719
"[2, 5, 0, 1]",0.0,-0.46295321639315823
"[1, 4, 0, 2]",0.0,-0.47929455633129836
"[0, 3, 0, 3]",-4.233848053770883,-0.6277160208182037
"[6, 1, 0, 3]",-0.3959268030265805,-1.9425230656170651
"[3, 1, 1, 1]",0.0,-1.315184131986892
"[6, 8, 1, 2]",0.0,-0.369634037736245
"[5, 7, 1, 3]",-0.4785852562138988,-0.4818373540782152
"[4, 6, 1, 3]",-0.40576431461172346,-0.9949194653471283
"[2, 4, 0, 0]",0.0,-1.2903944899785529
"[1, 3, 0, 1]",0.0,-1.4275016924381703
"[0, 2, 0, 2]",-0.8182090927553629,-1.4323672966823142
"[8, 6, 0, 0]",0.0,-1.1868201434772947
"[7, 5, 0, 1]",0.0,-1.3839887385110288
"[6, 4, 0, 2]",0.0,-1.5352397775746123
"[3, 5, 0, 1]",0.0,-0.6638939548809595
"[2, 4, 0, 2]",0.0,-0.7134963240766334
"[0, 1, 1, 0]",0.0,-4.877926589437861
"[7, 8, 0, 3]",-0.3629550599934268,-0.42803456963026104
"[5, 6, 1, 0]",0.0,-1.5212244444623493
"[4, 5, 1, 1]",0.0,-2.2375914535259818
"[3, 4, 1, 2]",0.0,-2.7220892332503266
"[2, 3, 1, 3]",-2.524361381692492,-3.1610748530659625
"[1, 2, 1, 3]",-3.6241403489299646,-3.7221052518676547
"[8, 2, 1, 0]",-0.2445543782367205,-0.29635738494970926
"[7, 8, 1, 2]",0.0,-0.3523982725058209
"[6, 7, 1, 3]",-0.7917514589924654,-0.7555761702116114
"[5, 6, 1, 3]",-0.9757999624361704,-0.9481400570062996
"[4, 5, 0, 0]",0.0,-1.2460646555400596
"[3, 4, 0, 1]",0.0,-1.4437638236456076
"[2, 3, 0, 2]",0.0,-1.519702043238455
"[5, 8, 0, 1]",0.0,-0.6224768422034717
"[4, 7, 0, 2]",0.0,-0.9362768287753664
"[3, 6, 0, 3]",-1.627382896508137,-1.5190317678617336
"[2, 5, 0, 3]",-3.2038661306783798,-0.715968774971449
"[1, 4, 0, 3]",-4.0800839765868835,-0.7939195715589857
"[2, 7, 0, 1]",-0.30013252268242757,-0.2348995542172841
"[1, 6, 0, 2]",0.0,-0.4244010807168096
"[2, 8, 0, 0]",-0.03385348690268315,-0.28626928564141085
"[7, 3, 1, 0]",0.0,-0.28000074401414926
"[6, 2, 1, 1]",0.0,-0.32349740658050724
"[5, 1, 1, 2]",0.0,-0.42254752093849635
"[2, 5, 0, 0]",0.0,-0.5720700354595528
"[1, 4, 0, 1]",0.0,-0.7056879215324336
"[0, 3, 0, 2]",0.0,-0.7327500649610283
"[6, 2, 1, 0]",0.0,-0.3128557252874006
"[5, 1, 1, 1]",0.0,-0.31650021845043025
"[4, 0, 1, 2]",0.0,-0.4009107933378272
"[0, 7, 0, 3]",-5.28109995053916,-0.46040925893721596
"[3, 6, 1, 1]",0.0,-2.523637599664735
"[2, 5, 1, 2]",0.0,-2.9605527244533083
"[7, 3, 0, 1]",0.0,-2.123026209275519
"[6, 2, 0, 2]",0.0,-2.301816311193817
"[2, 0, 1, 1]",-0.9198703602442276,-2.0829793459552235
"[8, 2, 1, 2]",-0.41386470974500605,-0.5835181526784775
"[8, 3, 1, 3]",-0.8958773389627079,-0.6826819946502556
"[7, 2, 1, 3]",-1.2910013834869232,-0.8576029203568883
"[6, 1, 1, 3]",-4.149069446500062,-0.9863259378439718
"[5, 0, 1, 3]",-4.4333567492450205,-0.609245640712685
"[0, 5, 1, 0]",0.0,-6.0769064875398495
"[1, 7, 1, 0]",0.0,-4.89281358343548
"[2, 8, 1, 3]",-0.2698068165450749,-0.47837068432646246
"[1, 7, 0, 0]",0.0,-0.283513682186364
"[2, 5, 0, 2]",0.0,-0.6046874650031921
"[8, 4, 0, 2]",0.0,-0.4790468056345145
"[5, 1, 1, 0]",0.0,-0.524465461142409
"[4, 0, 1, 1]",0.0,-0.40743173223209767
"[7, 1, 1, 0]",0.0,-0.344945968314215
"[4, 8, 1, 0]",0.0,-1.802751387219443
"[3, 7, 1, 1]",0.0,-2.1373262644615574
"[2, 6, 1, 2]",0.0,-2.457476788476948
"[8, 4, 1, 1]",0.0,-0.6532573421556107
"[5, 2, 0, 1]",0.0,-3.9687406026427614
"[4, 1, 0, 2]",0.0,-4.644111301386128
"[6, 8, 0, 3]",-0.9756408682916922,-0.9457944255976188
"[0, 2, 1, 0]",-0.4602363479898248,-4.8497532637274245
"[0, 1, 1, 1]",0.0,-4.249389358219337
"[0, 0, 1, 2]",0.0,-3.4656857079762435
"[2, 0, 0, 0]",0.0,-4.782525635610773
"[8, 4, 1, 2]",0.0,-0.8978535786854572
"[7, 5, 1, 1]",0.0,-0.8144468180570452
"[6, 4, 1, 2]",0.0,-1.04501495724679
"[3, 1, 0, 0]",0.0,-3.679469186033287
"[1, 6, 0, 0]",0.0,-0.3794980712713879
"[0, 5, 0, 1]",0.0,-0.3804913817523699
"[0, 4, 0, 2]",0.0,-0.36060820779490355
"[6, 8, 0, 0]",0.0,-0.5193464882063625
"[5, 7, 0, 1]",0.0,-0.8348415385427012
"[4, 6, 0, 2]",0.0,-1.0560935226222072
"[1, 5, 0, 1]",0.0,-0.3726721408818282
"[6, 1, 0, 0]",0.0,-3.464198448757021
"[5, 7, 1, 0]",0.0,-1.4327576868800114
"[4, 6, 1, 1]",0.0,-1.8654051360549175
"[3, 5, 1, 2]",0.0,-2.1695263405309553
"[7, 1, 0, 1]",0.0,-3.825223804034855
"[1, 4, 0, 0]",0.0,-1.3472237048802669
"[0, 3, 0, 1]",0.0,-1.7078845670344693
"[5, 2, 0, 2]",0.0,-3.0267046662440795
"[8, 5, 1, 3]",-0.8226010594906255,-0.8109315404504694
"[7, 4, 0, 0]",0.0,-1.596867301945064
"[6, 3, 0, 1]",0.0,-2.539156434475578
"[5, 3, 0, 1]",0.0,-3.1365315121617137
"[4, 2, 0, 2]",0.0,-3.6986691475196665
"[4, 5, 1, 0]",0.0,-1.9963071074091487
"[3, 4, 1, 1]",0.0,-2.6766557713064763
"[2, 3, 1, 2]",0.0,-3.2045861172186747
"[8, 7, 0, 1]",-0.029935722642916596,-0.020535222692262895
"[7, 6, 0, 2]",0.0,-0.16701298183826307
"[6, 5, 0, 3]",-0.744354648489205,-0.7543414027064823
"[5, 4, 0, 3]",-0.9626767572826973,-1.5359940029461583
"[3, 2, 1, 0]",0.0,-1.9264897351185692
"[2, 1, 1, 1]",0.0,-2.0940320698739616
"[1, 0, 1, 2]",0.0,-2.28817526530453
"[2, 4, 0, 1]",0.0,-0.44613687190406076
"[1, 3, 0, 2]",0.0,-0.4912490743330001
"[8, 7, 0, 0]",0.0,-0.6811789741916546
"[7, 6, 0, 1]",0.0,-1.006226312437293
"[6, 5, 0, 2]",0.0,-1.2940553387987903
"[8, 1, 1, 0]",0.0,-0.32477422480920903
"[1, 8, 0, 1]",0.0,-0.35284555077285124
"[0, 7, 0, 2]",-0.4501446663455572,-0.5269073084133574
"[6, 8, 1, 3]",-0.4437672091843333,-0.39295098294632747
"[4, 6, 0, 0]",0.0,-0.5864669858563796
"[0, 8, 1, 2]",0.0,-3.3405485487422646
"[0, 4, 0, 1]",0.0,-0.3949960879849503
"[8, 3, 1, 1]",0.0,-0.2115879798783598
"[7, 2, 1, 2]",0.0,-0.5282998799518245
"[0, 8, 0, 2]",-0.6516085871692672,-0.5065668614641856
"[0, 4, 1, 0]",0.0,-5.540446611139444
"[7, 3, 0, 0]",0.0,-2.2857843777948323
"[6, 2, 0, 1]",0.0,-3.3534062589541764
"[5, 1, 0, 2]",0.0,-4.028738928225849
"[3, 7, 0, 0]",0.0,-0.335124031724519
"[2, 6, 0, 1]",0.0,-0.4164633032560252
"[1, 5, 0, 2]",0.0,-0.5525724369006225
"[3, 8, 0, 2]",0.0,-0.5832967669024892
"[2, 7, 0, 3]",-1.6237715521214986,-0.9687496194684219
"[1, 6, 0, 3]",-3.8466845919300594,-1.1988554874040878
"[8, 3, 0, 1]",0.0,-1.2834903733176612
"[7, 2, 0, 2]",0.0,-1.6747784768299991
"[6, 3, 1, 1]",0.0,-0.585109688298538
"[5, 2, 1, 2]",0.0,-0.6887618477024032
"[1, 2, 0, 0]",0.0,-2.8727302263015493
"[5, 7, 0, 0]",0.0,-0.6255637020972524
"[4, 3, 0, 0]",0.0,-2.3080928374399186
"[3, 2, 0, 1]",0.0,-2.9991571366162457
"[2, 1, 0, 2]",0.0,-3.4651177871161325
"[0, 8, 1, 1]",-0.10001920709852943,-4.441534243134065
"[2, 3, 0, 1]",0.0,-1.362659163175412
"[1, 2, 0, 2]",0.0,-1.467974375362731
"[8, 0, 0, 2]",0.0,-3.221272848103325
"[7, 4, 1, 3]",-1.1911984331866017,-1.0446304047014803
"[6, 3, 0, 0]",0.0,-2.3978407168772304
"[7, 1, 0, 0]",0.0,-4.9646268109226686
"[6, 3, 1, 2]",0.0,-1.081376552344702
"[7, 8, 1, 3]",-0.6318447648103491,-0.5891602500127445
"[6, 7, 0, 0]",0.0,-0.9892126398546616
"[5, 6, 0, 1]",0.0,-1.354534653819215
"[4, 5, 0, 2]",0.0,-1.6126492712391762
"[1, 2, 1, 0]",0.0,-3.5325802577154675
"[7, 8, 0, 1]",0.0,-0.2544311459078694
"[6, 7, 0, 2]",0.0,-0.6471356038175882
"[3, 4, 1, 0]",0.0,-2.3897925945687337
"[3, 8, 1, 2]",0.0,-0.408015560665572
"[5, 1, 0, 0]",0.0,-4.74322323858113
"[3, 8, 0, 3]",-0.7944961538161376,-0.7853782576835275
"[1, 6, 1, 0]",0.0,-4.042874197486029
"[4, 2, 1, 0]",0.0,-1.1717363272900445
"[4, 6, 1, 0]",0.0,-2.3634525433536857
"[3, 8, 0, 0]",0.0,-0.1003421027620153
"[7, 4, 0, 3]",-0.3347433994164421,-0.4576996209755288
"[6, 3, 1, 0]",0.0,-0.3799572153453126
"[5, 2, 1, 1]",0.0,-0.42565905968164786
"[4, 1, 1, 2]",0.0,-0.44520861143550483
"[8, 5, 0, 3]",-0.30354816745768637,-0.30780775983560316
"[8, 1, 0, 2]",0.0,-2.0572639086233786
"[3, 2, 1, 1]",0.0,-1.3323095084455387
"[2, 1, 1, 2]",0.0,-1.6049616276487284
"[1, 0, 1, 3]",-4.448181403308678,-1.8374301946091611
"[0, 8, 0, 1]",-0.27026283617034935,-0.3574907218558274
"[4, 3, 1, 0]",0.0,-1.1437936189472133
"[3, 1, 1, 0]",0.0,-1.9823784595198357
"[4, 5, 0, 1]",0.0,-1.506888200834376
"[3, 4, 0, 2]",0.0,-1.8178128978077668
"[2, 7, 1, 0]",0.0,-2.1615469028299934
"[1, 6, 1, 1]",0.0,-4.21636030089266
"[8, 2, 1, 1]",0.0,-0.3199823382186708
"[7, 1, 1, 2]",0.0,-0.35082186742074595
"[5, 2, 1, 0]",0.0,-0.40051412178709095
"[8, 1, 0, 3]",-0.30955797151987374,-1.4004932509961994
"[8, 3, 0, 0]",0.0,-0.1281920087969925
"[7, 2, 0, 1]",0.0,-1.06458432300817
"[6, 1, 0, 2]",0.0,-2.4562157550818537
"[3, 7, 0, 2]",0.0,-0.7720988008308893
"[0, 3, 1, 0]",0.0,-4.78283703725026
"[7, 4, 1, 0]",0.0,-0.43292673378013935
"[3, 2, 0, 2]",0.0,-3.162541999390466
"[1, 5, 0, 0]",0.0,-0.4572947193642492
"[3, 5, 1, 0]",0.0,-2.872675804208445
"[2, 4, 1, 1]",0.0,-3.6804919269808347
"[1, 3, 1, 2]",0.0,-4.177769206392349
"[6, 8, 1, 1]",0.0,-0.7581825581531962
"[5, 7, 1, 2]",0.0,-0.8756519164623653
"[1, 4, 1, 1]",0.0,-4.618449318981329
"[2, 8, 1, 1]",0.0,-2.458639795743216
"[1, 7, 1, 2]",0.0,-2.7819251349568277
"[8, 6, 1, 2]",0.0,-0.8366596060666449
"[7, 5, 1, 3]",-1.4344581439252249,-1.0543435390706328
"[5, 3, 0, 0]",0.0,-2.8038608165738577
"[4, 2, 0, 1]",0.0,-3.709571102908401
"[3, 1, 0, 2]",0.0,-4.250095758631275
"[6, 1, 1, 1]",0.0,-0.5030651684812556
"[5, 0, 1, 2]",0.0,-0.582983464657324
"[5, 2, 0, 0]",0.0,-3.022311241806238
"[4, 1, 0, 1]",0.0,-4.6267901689205395
"[6, 7, 1, 0]",0.0,-0.8056640382257348
"[5, 6, 1, 1]",0.0,-1.4787663147701404
"[4, 5, 1, 2]",0.0,-1.8797317155032218
"[1, 8, 0, 0]",0.0,-0.31704344478957774
"[2, 6, 0, 0]",0.0,-0.37309033387294466
"[8, 7, 0, 3]",-0.4355397146515597,-0.4218587684968407
"[7, 6, 1, 0]",0.0,-0.748617242421268
"[6, 5, 1, 1]",0.0,-1.09165061572583
"[5, 4, 1, 2]",0.0,-1.394841797202086
"[2, 1, 1, 3]",-3.8725057346796534,-1.938190080717517
"[8, 6, 0, 2]",0.0,-0.3895319584048722
"[7, 5, 0, 3]",-0.5487017023407743,-0.4457241352335714
"[5, 3, 1, 0]",0.0,-0.46194741825077273
"[4, 2, 1, 1]",0.0,-0.5189195605602682
"[3, 1, 1, 2]",0.0,-0.5613033276382937
"[3, 5, 0, 0]",0.0,-0.44414564303275744
"[8, 1, 1, 1]",0.0,-0.3442045119939596
"[7, 0, 1, 2]",-0.5771168189958037,-0.4786899495019586
"[1, 8, 0, 2]",0.0,-0.3633894184042674
"[8, 6, 1, 3]",-0.9017473518666784,-0.8878657229335132
"[7, 5, 0, 0]",0.0,-1.373184003453178
"[6, 4, 0, 1]",0.0,-1.89067442370268
"[5, 3, 0, 2]",0.0,-2.2323241539601617
"[4, 1, 0, 0]",0.0,-3.9451479676794263
"[8, 2, 0, 0]",-0.022826105463855124,-2.9779355102628196
"[5, 8, 0, 2]",0.0,-0.7165677710429432
"[4, 7, 0, 3]",-2.1183388993893506,-1.0284977767355463
"[2, 5, 1, 0]",0.0,-3.166787169611164
"[8, 6, 1, 0]",0.0,-0.5368201674339734
"[6, 4, 1, 0]",0.0,-0.6547467879599868
"[2, 6, 1, 0]",0.0,-3.3673118206692436
"[1, 5, 1, 1]",0.0,-5.046533253075605
"[8, 7, 0, 2]",-0.0213929467531128,-0.25300035942621124
"[7, 6, 0, 3]",-0.588010123214984,-0.5735736937248859
"[5, 4, 1, 0]",0.0,-1.0362052232603687
"[4, 3, 1, 1]",0.0,-1.3357888345594788
"[3, 2, 1, 2]",0.0,-1.640251636348808
"[4, 8, 0, 1]",0.0,-0.5052976720222668
"[5, 8, 0, 3]",-0.9879863278076022,-0.9565356697840743
"[4, 7, 1, 0]",0.0,-1.7214122385924877
"[8, 5, 0, 2]",0.0,-0.345337730028072
"[4, 7, 0, 1]",0.0,-0.7607196120660321
"[3, 6, 0, 2]",0.0,-0.9507023341813648
"[8, 4, 0, 1]",0.0,-0.8323010058878368
"[7, 3, 0, 2]",0.0,-0.9592511571428516
"[5, 8, 0, 0]",0.0,-0.40870370429036657
"[4, 7, 0, 0]",0.0,-0.44005974070659515
"[3, 6, 0, 1]",0.0,-0.5576805230970139
"[3, 6, 1, 0]",0.0,-3.142177315901448
"[8, 3, 1, 0]",0.0,-0.04423689080143227
"[7, 2, 1, 1]",0.0,-0.12209552117964076
"[6, 1, 1, 2]",0.0,-0.3634573816488812
"[5, 8, 1, 1]",0.0,-0.7430910204293221
"[4, 7, 1, 2]",0.0,-0.8932267942598755
"[4, 7, 1, 1]",0.0,-1.2310342339291571
"[3, 6, 1, 2]",0.0,-1.4999523742675804
"[7, 2, 1, 0]",0.0,-0.4205717797794735
"[3, 8, 0, 1]",0.0,-0.3544027195413637
"[2, 7, 0, 2]",0.0,-0.762298263770783
"[1, 4, 1, 0]",0.0,-4.338625973393954
"[7, 2, 0, 0]",0.0,-2.2899151718241764
"[6, 1, 0, 1]",0.0,-4.25211761701142
"[2, 1, 1, 0]",0.0,-2.950336716372417
"[1, 0, 1, 1]",0.0,-3.3075681771953986
"[8, 3, 0, 2]",0.0,-0.37798900387989626
"[1, 7, 1, 1]",0.0,-3.902736633730058
"[6, 4, 0, 0]",0.0,-2.2761835548422935
"[2, 3, 1, 0]",0.0,-2.650905657314139
"[1, 2, 1, 1]",0.0,-3.1737095672598565
"[5, 4, 1, 1]",0.0,-1.312879411859865
"[4, 3, 1, 2]",0.0,-1.6371456787683454
"[8, 5, 1, 0]",0.0,-0.35523904703648307
"[7, 4, 1, 1]",0.0,-0.7791749200761025
"[6, 5, 1, 0]",0.0,-0.9281872492065968
"[8, 3, 1, 2]",0.0,-0.561669558160007
"[6, 7, 1, 2]",0.0,-0.573068269045854
"[3, 4, 0, 0]",0.0,-1.2694954529075244
"[8, 5, 1, 2]",0.0,-0.7586505443943387
"[5, 8, 1, 0]",0.0,-0.8963859333768949
"[8, 4, 0, 0]",0.0,-1.8602417717499686
"[3, 2, 0, 0]",0.0,-2.5609734719055535
"[2, 1, 0, 1]",0.0,-3.1842472274471723
"[5, 6, 0, 2]",0.0,-1.0993693938834523
"[1, 8, 1, 0]",0.0,-3.308691347592626
"[5, 6, 0, 0]",0.0,-1.1359025564927225
"[7, 6, 1, 1]",0.0,-0.35815551727160605
"[6, 5, 1, 2]",0.0,-0.9838977531793902
"[1, 8, 1, 2]",0.0,-2.1714455761288907
"[8, 7, 1, 2]",0.0,-0.1146564816834589
"[2, 7, 1, 1]",0.0,-1.4061427879616066
"[1, 6, 1, 2]",0.0,-2.995059689375226
"[7, 6, 1, 2]",0.0,-0.6616781342229644
"[6, 7, 0, 1]",0.0,-0.4289635741736888
"[7, 8, 1, 1]",0.0,-0.24659700853633673
"[7, 8, 0, 0]",0.0,-0.054655558315686144
"[5, 4, 0, 0]",0.0,-1.851416852452174
"[4, 3, 0, 1]",0.0,-2.6542010921497647
"[8, 7, 1, 0]",0.0,-0.07422110467097567
"[2, 8, 1, 0]",0.0,-3.30312537063815
"[3, 8, 1, 0]",0.0,-0.1387597487434581
"[8, 7, 1, 1]",0.0,-0.23975183396544597
